1.000000
1.000000
0.666667
0.750000
0.600000
0.666667
0.571429
0.500000
0.555556
0.600000
0.636364
0.666667
0.692308
0.714286
0.733333
0.750000
0.705882
0.722222
0.684211
0.700000
0.714286
0.727273
0.739130
0.708333
0.720000
0.730769
0.740741
0.714286
0.689655
0.700000
0.677419
0.656250
0.636364
0.617647
0.600000
0.611111
0.621622
0.605263
0.615385
0.600000
0.585366
0.595238
0.581395
0.590909
0.600000
0.586957
0.574468
0.562500
0.571429
0.560000
0.568627
0.557692
0.566038
0.574074
0.563636
0.571429
0.578947
0.568965
0.576271
0.566667
0.557377
0.548387
0.539683
0.531250
0.523077
0.515152
0.522388
0.529412
0.521739
0.528571
0.535211
0.541667
0.547945
0.540541
0.546667
0.539474
0.532468
0.525641
0.518987
0.525000
0.530864
0.536585
0.542169
0.535714
0.541176
0.534884
0.540230
0.545455
0.539326
0.533333
0.538462
0.543478
0.537634
0.531915
0.536842
0.531250
0.525773
0.530612
0.535354
0.540000
0.544554
0.549020
0.543689
0.548077
0.542857
0.537736
0.532710
0.527778
0.522936
0.527273
0.531532
0.526786
0.530973
0.535088
0.530435
0.534483
0.529915
0.533898
0.529412
0.525000
0.528926
0.524590
0.528455
0.532258
0.536000
0.539683
0.543307
0.546875
0.550388
0.546154
0.541985
0.537879
0.533835
0.537313
0.533333
0.536765
0.532847
0.528986
0.532374
0.535714
0.539007
0.535211
0.531469
0.527778
0.531034
0.527397
0.530612
0.527027
0.530201
0.526667
0.529801
0.526316
0.522876
0.519481
0.522581
0.519231
0.522293
0.525316
0.528302
0.531250
0.534162
0.530864
0.533742
0.530488
0.527273
0.530120
0.532934
0.535714
0.532544
0.535294
0.532164
0.534884
0.531792
0.534483
0.537143
0.539773
0.542373
0.539326
0.541899
0.544444
0.546961
0.549451
0.546448
0.548913
0.551351
0.553763
0.556150
0.553191
0.555556
0.557895
0.560209
0.562500
0.559586
0.561856
0.558974
0.561224
0.558376
0.555556
0.552764
0.555000
0.552239
0.549505
0.551724
0.549020
0.551220
0.548544
0.550725
0.548077
0.545455
0.542857
0.540284
0.537736
0.539906
0.537383
0.539535
0.537037
0.534562
0.536697
0.534247
0.531818
0.533937
0.531532
0.529148
0.531250
0.528889
0.526549
0.528634
0.530702
0.528384
0.530435
0.528139
0.530172
0.527897
0.525641
0.527660
0.525424
0.527426
0.525210
0.527197
0.529167
0.526971
0.528926
0.530864
0.528689
0.526531
0.524390
0.526316
0.524194
0.522088
0.524000
0.525896
0.527778
0.529644
0.531496
0.533333
0.531250
0.533074
0.531008
0.528958
0.526923
0.524904
0.522901
0.520913
0.518939
0.520755
0.522556
0.524345
0.522388
0.520446
0.518519
0.516605
0.518382
0.516484
0.518248
0.516364
0.518116
0.519856
0.517986
0.519713
0.517857
0.519573
0.521277
0.519435
0.521127
0.519298
0.517483
0.515679
0.517361
0.515571
0.517241
0.518900
0.517123
0.515358
0.517007
0.518644
0.516892
0.518519
0.516779
0.515050
0.513333
0.511628
0.513245
0.511551
0.513158
0.511475
0.509804
0.511401
0.509740
0.508091
0.506452
0.508039
0.509615
0.511182
0.509554
0.511111
0.509494
0.507886
0.506289
0.507837
0.509375
0.510903
0.509317
0.507740
0.509259
0.510769
0.512270
0.513761
0.515244
0.513678
0.515152
0.516616
0.518072
0.519520
0.517964
0.516418
0.514881
0.516320
0.517751
0.516224
0.517647
0.516129
0.517544
0.516035
0.517442
0.518841
0.517341
0.518732
0.517241
0.518625
0.520000
0.521368
0.522727
0.524079
0.522599
0.521127
0.522472
0.521008
0.522346
0.523677
0.522222
0.520776
0.519337
0.517906
0.516484
0.517808
0.516393
0.517711
0.519022
0.517615
0.516216
0.514825
0.516129
0.517426
0.516043
0.514667
0.515957
0.514589
0.515873
0.517150
0.518421
0.519685
0.518325
0.519582
0.518229
0.519481
0.518135
0.519380
0.520619
0.519280
0.517949
0.516624
0.515306
0.516539
0.515228
0.516456
0.517677
0.518892
0.520100
0.518797
0.520000
0.518703
0.517413
0.518610
0.519802
0.518519
0.519704
0.520885
0.519608
0.520782
0.519512
0.518248
0.519417
0.520581
0.519324
0.520482
0.519231
0.517986
0.516746
0.517900
0.516667
0.517815
0.518957
0.520095
0.518868
0.520000
0.521127
0.522248
0.521028
0.519814
0.520930
0.519722
0.520833
0.519630
0.520737
0.521839
0.522936
0.521739
0.520548
0.521640
0.522727
0.521542
0.522624
0.521445
0.520270
0.521348
0.522422
0.523490
0.522321
0.523385
0.522222
0.523282
0.524336
0.523179
0.522026
0.520879
0.521930
0.522976
0.524017
0.522876
0.523913
0.524946
0.525974
0.524838
0.525862
0.524731
0.525751
0.524625
0.525641
0.524520
0.523404
0.522293
0.523305
0.524313
0.525316
0.526316
0.525210
0.524109
0.523013
0.524008
0.522917
0.523908
0.522822
0.521739
0.522727
0.523711
0.522634
0.523614
0.522541
0.523517
0.524490
0.525458
0.526423
0.525355
0.526316
0.527273
0.528226
0.529175
0.530120
0.531062
0.532000
0.532934
0.533865
0.532803
0.531746
0.530693
0.529644
0.528600
0.527559
0.528487
0.527451
0.528376
0.529297
0.530214
0.531128
0.530097
0.529070
0.529981
0.528958
0.529865
0.528846
0.529750
0.528736
0.529637
0.530534
0.529524
0.530418
0.531309
0.530303
0.529301
0.530189
0.529190
0.530075
0.530957
0.529963
0.530841
0.529851
0.528864
0.529740
0.530612
0.529630
0.528651
0.527675
0.528545
0.527574
0.528440
0.529304
0.530165
0.531022
0.531876
0.532727
0.531760
0.530797
0.531646
0.532491
0.531532
0.530576
0.531418
0.530466
0.531306
0.532143
0.532977
0.533808
0.534636
0.535461
0.534513
0.533569
0.532628
0.531690
0.530756
0.529825
0.530648
0.531469
0.530541
0.529617
0.530435
0.531250
0.530329
0.529412
0.530225
0.529310
0.530120
0.529210
0.530017
0.530822
0.531624
0.530717
0.531516
0.532313
0.531409
0.530508
0.529611
0.528716
0.529511
0.530303
0.531092
0.531879
0.532663
0.533445
0.534224
0.533333
0.532446
0.531561
0.530680
0.529801
0.530578
0.531353
0.532125
0.532895
0.533662
0.532787
0.531915
0.531046
0.530179
0.529316
0.530081
0.530844
0.529984
0.529126
0.529887
0.530645
0.531401
0.532154
0.531300
0.530449
0.531200
0.531949
0.532695
0.533440
0.534181
0.533333
0.534073
0.533228
0.532385
0.533123
0.532283
0.531447
0.530612
0.531348
0.530516
0.531250
0.530421
0.531153
0.531882
0.531056
0.531783
0.532508
0.533230
0.532407
0.533128
0.533846
0.533026
0.532209
0.532925
0.533639
0.534351
0.535061
0.534247
0.533435
0.534143
0.534849
0.534039
0.534743
0.533937
0.533133
0.532331
0.531532
0.530735
0.531437
0.532138
0.531343
0.530551
0.529762
0.528975
0.528190
0.528889
0.529586
0.530281
0.530973
0.531664
0.532353
0.531571
0.530792
0.530015
0.530702
0.529927
0.529155
0.529840
0.530523
0.531205
0.531884
0.531114
0.530347
0.529582
0.528818
0.529496
0.528736
0.529412
0.528653
0.527897
0.528571
0.529244
0.529915
0.530583
0.529830
0.529078
0.528329
0.528996
0.528249
0.528914
0.528169
0.527426
0.526685
0.525947
0.525210
0.525874
0.526536
0.527197
0.527855
0.527121
0.526389
0.525659
0.524931
0.524205
0.524862
0.524138
0.524793
0.525447
0.524725
0.524005
0.524658
0.525308
0.525956
0.525239
0.525886
0.526531
0.527174
0.526459
0.525745
0.525034
0.524324
0.524966
0.524259
0.524899
0.525538
0.526174
0.525469
0.526104
0.526738
0.527370
0.526667
0.527297
0.527926
0.528552
0.529178
0.529801
0.529101
0.528402
0.529024
0.529644
0.530263
0.530880
0.531496
0.532110
0.532723
0.532026
0.532637
0.531943
0.531250
0.530559
0.531169
0.531777
0.531088
0.531695
0.532300
0.531613
0.532216
0.532819
0.532134
0.532734
0.532051
0.532650
0.531969
0.532567
0.531888
0.531210
0.531807
0.531131
0.531726
0.531052
0.531646
0.532238
0.532828
0.532156
0.531486
0.532075
0.531407
0.530740
0.530075
0.529412
0.530000
0.529338
0.529925
0.529265
0.529851
0.529193
0.529777
0.529120
0.528465
0.529048
0.528395
0.527744
0.528325
0.528905
0.529484
0.528834
0.529412
0.528764
0.528117
0.527473
0.526829
0.527406
0.526764
0.526124
0.526699
0.527273
0.527845
0.528416
0.528986
0.528347
0.528916
0.528279
0.528846
0.528211
0.528777
0.528144
0.528708
0.528076
0.528640
0.529201
0.529762
0.529132
0.528504
0.527877
0.527251
0.527811
0.528369
0.528926
0.528302
0.527680
0.527059
0.526439
0.526995
0.526377
0.525761
0.525146
0.525701
0.526254
0.526807
0.527357
0.527907
0.528455
0.529002
0.528389
0.527778
0.528324
0.527714
0.528258
0.527650
0.528193
0.527586
0.526980
0.526376
0.526919
0.526316
0.526857
0.526256
0.526796
0.526196
0.525597
0.525000
0.524404
0.523810
0.524349
0.524887
0.524294
0.524831
0.524239
0.523649
0.523060
0.522472
0.523008
0.522422
0.521837
0.521253
0.521788
0.522321
0.522854
0.523385
0.522803
0.523333
0.522753
0.523282
0.523810
0.524336
0.524862
0.524283
0.524807
0.524229
0.524752
0.524176
0.523600
0.524123
0.524644
0.524070
0.524590
0.525109
0.524537
0.525054
0.525571
0.526087
0.525516
0.526030
0.526544
0.525974
0.526487
0.525918
0.526429
0.526940
0.527449
0.526882
0.527390
0.527897
0.527331
0.526767
0.526203
0.526709
0.527215
0.527719
0.528221
0.527660
0.527099
0.527601
0.527041
0.527542
0.526984
0.527484
0.527983
0.528481
0.527924
0.528421
0.527865
0.527311
0.526758
0.526205
0.526702
0.526151
0.526646
0.526096
0.525547
0.525000
0.524454
0.524948
0.525441
0.524896
0.525389
0.525880
0.526370
0.526860
0.526316
0.525773
0.526262
0.525720
0.525180
0.525667
0.525128
0.525615
0.525077
0.524540
0.525026
0.525510
0.524975
0.525458
0.525941
0.526423
0.526904
0.526369
0.525836
0.526316
0.526795
0.526263
0.525732
0.525202
0.525680
0.526157
0.526633
0.526104
0.525577
0.526052
0.526527
0.527000
0.527473
0.527944
0.528415
0.528884
0.528358
0.528827
0.529295
0.528770
0.528246
0.528713
0.528190
0.527668
0.528134
0.528600
0.528079
0.527559
0.528024
0.528487
0.528950
0.529412
0.529873
0.530333
0.529814
0.530273
0.530732
0.530214
0.529698
0.530156
0.530612
0.531068
0.531523
0.531008
0.530494
0.530948
0.530435
0.530888
0.531340
0.530829
0.531280
0.531731
0.532181
0.532630
0.533078
0.533525
0.533014
0.533461
0.532951
0.533397
0.533842
0.534286
0.534729
0.534221
0.533713
0.534156
0.534597
0.535038
0.535478
0.534972
0.535411
0.534906
0.535344
0.534840
0.535278
0.535714
0.536150
0.536585
0.537020
0.536517
0.536950
0.536449
0.535948
0.536381
0.535881
0.536313
0.536744
0.537175
0.537604
0.537106
0.536608
0.536111
0.535615
0.536044
0.535549
0.535055
0.534562
0.534991
0.535419
0.534926
0.535354
0.535780
0.536205
0.536630
0.536139
0.536563
0.536986
0.537409
0.536919
0.537341
0.537762
0.538182
0.538601
0.538113
0.538531
0.538949
0.538462
0.537975
0.537489
0.537004
0.536519
0.536937
0.537354
0.536870
0.536388
0.535907
0.536323
0.535842
0.536258
0.536673
0.537087
0.537500
0.537021
0.536542
0.536955
0.537367
0.537778
0.538188
0.537711
0.537234
0.537644
0.537168
0.537577
0.537986
0.537511
0.537037
0.537445
0.536972
0.537379
0.537786
0.538191
0.537719
0.537248
0.537653
0.538058
0.537587
0.537991
0.538394
0.538797
0.539199
0.538729
0.539130
0.539531
0.539931
0.540330
0.539861
0.539394
0.539792
0.540190
0.540587
0.540984
0.540517
0.540052
0.539587
0.539123
0.538660
0.538197
0.538593
0.538132
0.537671
0.537211
0.537607
0.537148
0.536689
0.537084
0.536627
0.537021
0.537415
0.537808
0.538200
0.537744
0.537288
0.536833
0.537225
0.536771
0.536318
0.536709
0.537099
0.537489
0.537879
0.537426
0.537815
0.537364
0.536913
0.537301
0.536851
0.537238
0.537625
0.537176
0.537563
0.537114
0.537500
0.537052
0.536606
0.536991
0.537375
0.536929
0.536484
0.536868
0.537252
0.537634
0.538017
0.537572
0.537954
0.537510
0.537891
0.538272
0.538651
0.539030
0.538588
0.538146
0.538525
0.538084
0.538462
0.538839
0.539216
0.538776
0.539152
0.538712
0.539088
0.538649
0.539024
0.539399
0.539773
0.540146
0.539708
0.540081
0.539644
0.540016
0.540388
0.539952
0.539516
0.539081
0.538647
0.538214
0.538585
0.538153
0.537721
0.538091
0.538462
0.538030
0.538400
0.538769
0.539137
0.539505
0.539872
0.539442
0.539013
0.539379
0.539746
0.539317
0.538889
0.538462
0.538827
0.539192
0.538766
0.539130
0.538705
0.539069
0.538644
0.539007
0.539370
0.538946
0.538522
0.538885
0.538462
0.538824
0.539185
0.538763
0.538341
0.537920
0.537500
0.537861
0.537441
0.537023
0.537383
0.536965
0.537325
0.537685
0.538043
0.537626
0.537209
0.537568
0.537152
0.537510
0.537867
0.537452
0.537809
0.538165
0.538521
0.538876
0.539231
0.539585
0.539171
0.538757
0.539110
0.538697
0.539051
0.539403
0.538991
0.539343
0.538931
0.539283
0.538872
0.539223
0.539574
0.539163
0.539514
0.539104
0.538695
0.538287
0.537879
0.538229
0.537821
0.538171
0.537764
0.537358
0.536953
0.536549
0.536898
0.536494
0.536842
0.537190
0.537538
0.537884
0.538231
0.538577
0.538922
0.538519
0.538117
0.537715
0.538060
0.537658
0.538003
0.537602
0.537946
0.537546
0.537147
0.537491
0.537092
0.536694
0.536296
0.535899
0.535503
0.535846
0.535451
0.535793
0.535398
0.535004
0.535346
0.534952
0.534559
0.534166
0.534508
0.534116
0.533724
0.534066
0.533675
0.534016
0.534357
0.534697
0.535037
0.534646
0.534257
0.534596
0.534207
0.534545
0.534884
0.535222
0.535559
0.535170
0.534783
0.534395
0.534732
0.534346
0.534682
0.535018
0.535354
0.534968
0.535303
0.535637
0.535252
0.534867
0.534483
0.534817
0.534433
0.534767
0.534384
0.534717
0.534335
0.533953
0.533571
0.533191
0.533524
0.533856
0.533476
0.533808
0.534139
0.534470
0.534091
0.533712
0.533333
0.532955
0.532578
0.532909
0.533239
0.532862
0.532486
0.532110
0.532440
0.532065
0.531690
0.531316
0.530942
0.530569
0.530197
0.530526
0.530856
0.531184
0.530812
0.530441
0.530070
0.529700
0.529330
0.529658
0.529289
0.529617
0.529248
0.529576
0.529207
0.528839
0.529167
0.529493
0.529126
0.528760
0.528393
0.528720
0.529046
0.529371
0.529006
0.528640
0.528276
0.527912
0.528237
0.527873
0.528198
0.528522
0.528159
0.527797
0.527435
0.527759
0.528082
0.528405
0.528044
0.528366
0.528689
0.529010
0.528649
0.528971
0.529292
0.529612
0.529932
0.529572
0.529891
0.530210
0.530529
0.530847
0.530488
0.530129
0.529770
0.530088
0.530405
0.530047
0.529690
0.529332
0.528976
0.529293
0.529610
0.529926
0.530242
0.529886
0.530201
0.530516
0.530831
0.530476
0.530120
0.530435
0.530080
0.529726
0.530040
0.530354
0.530000
0.530313
0.530626
0.530938
0.531250
0.530897
0.531209
0.530856
0.530504
0.530815
0.530464
0.530774
0.531085
0.531395
0.531044
0.531353
0.531662
0.531312
0.530962
0.531271
0.530921
0.530572
0.530880
0.531188
0.531496
0.531803
0.531455
0.531762
0.531414
0.531066
0.531373
0.531679
0.531332
0.531637
0.531291
0.530945
0.530599
0.530904
0.531209
0.531514
0.531169
0.530824
0.530480
0.530784
0.530440
0.530097
0.529754
0.529412
0.529070
0.528728
0.528387
0.528046
0.527706
0.527366
0.527027
0.527331
0.527635
0.527296
0.526958
0.526620
0.526923
0.527226
0.527529
0.527191
0.526854
0.527157
0.527458
0.527760
0.528061
0.528362
0.528662
0.528962
0.528626
0.528926
0.529225
0.529524
0.529822
0.530120
0.529785
0.530082
0.529747
0.529412
0.529077
0.528743
0.529040
0.528707
0.528373
0.528670
0.528338
0.528634
0.528931
0.529227
0.529523
0.529818
0.529486
0.529781
0.529449
0.529117
0.529412
0.529706
0.530000
0.530294
0.530587
0.530880
0.530549
0.530841
0.531133
0.531425
0.531716
0.531386
0.531056
0.531347
0.531638
0.531928
0.532218
0.531889
0.531559
0.531231
0.530902
0.531192
0.531482
0.531771
0.532059
0.532348
0.532635
0.532923
0.533210
0.532883
0.532555
0.532842
0.532515
0.532802
0.533088
0.533374
0.533048
0.532722
0.532396
0.532682
0.532357
0.532642
0.532317
0.531993
0.531669
0.531345
0.531630
0.531307
0.530984
0.530662
0.530340
0.530018
0.529697
0.529982
0.530266
0.529946
0.529625
0.529909
0.530193
0.530477
0.530760
0.531043
0.530723
0.531005
0.530686
0.530367
0.530649
0.530330
0.530012
0.529694
0.529377
0.529059
0.529341
0.529025
0.528708
0.528392
0.528674
0.528358
0.528640
0.528921
0.529201
0.528886
0.529167
0.529447
0.529727
0.529412
0.529691
0.529970
0.529656
0.529342
0.529028
0.528715
0.528402
0.528090
0.528369
0.528647
0.528335
0.528024
0.528302
0.528580
0.528857
0.528546
0.528235
0.528513
0.528202
0.528479
0.528169
0.527859
0.528136
0.528412
0.528103
0.528379
0.528655
0.528930
0.528621
0.528897
0.528588
0.528863
0.529138
0.528829
0.529104
0.529378
0.529070
0.528762
0.529036
0.528729
0.528422
0.528696
0.528389
0.528662
0.528935
0.529208
0.528902
0.528596
0.528291
0.527986
0.528258
0.527954
0.527650
0.527346
0.527618
0.527315
0.527586
0.527283
0.526980
0.527252
0.526950
0.527221
0.526919
0.527189
0.527460
0.527158
0.527429
0.527698
0.527968
0.527667
0.527366
0.527066
0.526765
0.527035
0.527304
0.527573
0.527841
0.527541
0.527242
0.527510
0.527211
0.527479
0.527746
0.528014
0.528281
0.527982
0.528249
0.527950
0.528217
0.528483
0.528749
0.528451
0.528153
0.527856
0.528121
0.528387
0.528652
0.528355
0.528058
0.527762
0.528027
0.528291
0.528555
0.528260
0.528524
0.528228
0.527933
0.527638
0.527344
0.527607
0.527313
0.527577
0.527840
0.527546
0.527252
0.527515
0.527778
0.528040
0.527747
0.528009
0.528270
0.528532
0.528793
0.528500
0.528208
0.527916
0.528177
0.528437
0.528698
0.528958
0.529217
0.528926
0.528634
0.528894
0.528603
0.528862
0.529121
0.529379
0.529638
0.529347
0.529057
0.529315
0.529025
0.528736
0.528993
0.528704
0.528415
0.528673
0.528384
0.528096
0.527808
0.528065
0.528322
0.528035
0.528292
0.528004
0.527717
0.527431
0.527144
0.526858
0.527115
0.527371
0.527627
0.527883
0.527597
0.527853
0.527568
0.527823
0.528078
0.527793
0.528047
0.527763
0.528017
0.528271
0.527987
0.528241
0.527957
0.527673
0.527927
0.528180
0.527897
0.528150
0.527867
0.528120
0.528373
0.528625
0.528342
0.528060
0.527778
0.527496
0.527215
0.527467
0.527719
0.527437
0.527689
0.527408
0.527660
0.527379
0.527099
0.526819
0.526539
0.526260
0.525981
0.526232
0.526483
0.526204
0.526455
0.526177
0.525899
0.526149
0.525871
0.525594
0.525316
0.525567
0.525290
0.525013
0.525263
0.524987
0.525237
0.524961
0.525210
0.525459
0.525184
0.525433
0.525681
0.525406
0.525131
0.525379
0.525628
0.525876
0.526123
0.525849
0.525574
0.525822
0.525547
0.525274
0.525000
0.524727
0.524454
0.524181
0.524428
0.524675
0.524403
0.524650
0.524896
0.524624
0.524352
0.524599
0.524327
0.524056
0.523785
0.524031
0.523760
0.524006
0.523736
0.523981
0.524227
0.524472
0.524717
0.524961
0.524691
0.524936
0.524666
0.524910
0.525154
0.524885
0.525128
0.524859
0.525102
0.524834
0.525077
0.524808
0.524540
0.524783
0.524515
0.524247
0.523980
0.523712
0.523955
0.524198
0.524440
0.524682
0.524924
0.525165
0.524898
0.525140
0.525381
0.525114
0.525355
0.525596
0.525836
0.525570
0.525810
0.525544
0.525784
0.526023
0.526263
0.525997
0.526236
0.525971
0.526210
0.525945
0.526183
0.525918
0.526157
0.526395
0.526131
0.526369
0.526104
0.525840
0.525577
0.525815
0.526052
0.526289
0.526527
0.526263
0.526500
0.526737
0.526973
0.527209
0.527445
0.527182
0.527418
0.527653
0.527888
0.528123
0.528358
0.528593
0.528330
0.528068
0.527805
0.527543
0.527282
0.527020
0.526759
0.526498
0.526733
0.526472
0.526212
0.526446
0.526680
0.526420
0.526160
0.526394
0.526627
0.526861
0.527094
0.527326
0.527559
0.527791
0.528024
0.528256
0.527996
0.528228
0.528459
0.528200
0.528431
0.528172
0.528404
0.528634
0.528865
0.529095
0.528837
0.529067
0.529297
0.529527
0.529268
0.529498
0.529727
0.529956
0.529698
0.529927
0.530156
0.529898
0.529640
0.529869
0.530097
0.530325
0.530553
0.530296
0.530523
0.530751
0.530978
0.530721
0.530948
0.530691
0.530918
0.531144
0.530888
0.531114
0.531340
0.531566
0.531792
0.531536
0.531761
0.531506
0.531731
0.531956
0.531700
0.531925
0.531670
0.531415
0.531640
0.531385
0.531609
0.531833
0.532057
0.532281
0.532027
0.531773
0.531996
0.532220
0.532443
0.532666
0.532888
0.532635
0.532381
0.532128
0.531874
0.531622
0.531844
0.532067
0.531814
0.532036
0.531784
0.532006
0.531754
0.531975
0.532197
0.531945
0.532166
0.532388
0.532609
0.532829
0.533050
0.532798
0.533019
0.532768
0.532988
0.533208
0.533427
0.533176
0.532926
0.533145
0.532895
0.532644
0.532864
0.532614
0.532833
0.532583
0.532334
0.532553
0.532772
0.532522
0.532273
0.532492
0.532710
0.532929
0.532680
0.532431
0.532183
0.531935
0.531687
0.531905
0.531657
0.531875
0.531628
0.531846
0.532063
0.532281
0.532033
0.531787
0.531540
0.531757
0.531511
0.531264
0.531482
0.531236
0.530990
0.531207
0.530961
0.530716
0.530933
0.531149
0.531365
0.531581
0.531336
0.531092
0.530847
0.531063
0.531279
0.531494
0.531710
0.531925
0.531680
0.531895
0.531651
0.531408
0.531164
0.531379
0.531136
0.530892
0.531107
0.531321
0.531079
0.530836
0.531050
0.530808
0.531022
0.531236
0.531449
0.531663
0.531876
0.531634
0.531392
0.531605
0.531818
0.531577
0.531789
0.531548
0.531307
0.531519
0.531278
0.531491
0.531250
0.531462
0.531222
0.530981
0.531193
0.531405
0.531165
0.530926
0.531137
0.530898
0.530658
0.530419
0.530180
0.530392
0.530603
0.530814
0.531025
0.530787
0.530548
0.530310
0.530072
0.530283
0.530493
0.530704
0.530914
0.530676
0.530886
0.530649
0.530411
0.530174
0.529937
0.529701
0.529464
0.529674
0.529884
0.530094
0.530303
0.530512
0.530276
0.530040
0.530249
0.530013
0.529778
0.529987
0.530195
0.529960
0.529725
0.529490
0.529255
0.529464
0.529229
0.529438
0.529204
0.529412
0.529178
0.529386
0.529594
0.529801
0.529568
0.529334
0.529541
0.529308
0.529515
0.529282
0.529489
0.529256
0.529464
0.529231
0.529438
0.529644
0.529851
0.530057
0.529825
0.529592
0.529798
0.530004
0.530210
0.530416
0.530184
0.529952
0.530157
0.529926
0.529694
0.529900
0.530105
0.530310
0.530514
0.530719
0.530488
0.530692
0.530461
0.530231
0.530000
0.529770
0.529974
0.529744
0.529514
0.529284
0.529055
0.529259
0.529029
0.528800
0.529004
0.529208
0.529412
0.529183
0.529386
0.529590
0.529361
0.529132
0.529336
0.529539
0.529741
0.529944
0.529716
0.529918
0.530120
0.529892
0.529665
0.529867
0.530069
0.530271
0.530472
0.530674
0.530875
0.531076
0.531277
0.531049
0.530822
0.531023
0.530796
0.530569
0.530342
0.530115
0.530316
0.530516
0.530717
0.530490
0.530264
0.530038
0.530239
0.530013
0.530213
0.529987
0.530187
0.529962
0.529737
0.529512
0.529287
0.529487
0.529262
0.529462
0.529237
0.529437
0.529636
0.529835
0.530034
0.529810
0.529586
0.529785
0.529983
0.530182
0.530380
0.530578
0.530354
0.530552
0.530329
0.530105
0.530303
0.530080
0.529857
0.529634
0.529412
0.529609
0.529387
0.529165
0.528943
0.528721
0.528919
0.529116
0.529313
0.529510
0.529707
0.529486
0.529682
0.529879
0.530075
0.530271
0.530467
0.530663
0.530859
0.530638
0.530417
0.530612
0.530808
0.531003
0.531198
0.531393
0.531172
0.530951
0.530731
0.530511
0.530290
0.530485
0.530680
0.530874
0.530654
0.530849
0.530629
0.530410
0.530604
0.530384
0.530578
0.530772
0.530553
0.530334
0.530528
0.530722
0.530503
0.530284
0.530478
0.530671
0.530864
0.531057
0.531250
0.531032
0.530813
0.530595
0.530378
0.530160
0.530353
0.530135
0.529918
0.530111
0.529894
0.530086
0.530278
0.530061
0.529845
0.530037
0.529820
0.530012
0.529796
0.529988
0.530179
0.530371
0.530155
0.530346
0.530537
0.530322
0.530513
0.530704
0.530894
0.530679
0.530869
0.531060
0.531250
0.531440
0.531225
0.531009
0.531199
0.530984
0.531174
0.531364
0.531553
0.531743
0.531932
0.531717
0.531502
0.531692
0.531881
0.532069
0.532258
0.532447
0.532232
0.532018
0.531804
0.531992
0.532180
0.532368
0.532154
0.531941
0.531727
0.531915
0.531701
0.531889
0.531676
0.531463
0.531651
0.531438
0.531225
0.531413
0.531200
0.530988
0.530775
0.530563
0.530751
0.530938
0.530726
0.530913
0.530702
0.530490
0.530279
0.530466
0.530653
0.530840
0.530629
0.530418
0.530207
0.529996
0.530183
0.530369
0.530159
0.529948
0.530135
0.529925
0.529715
0.529901
0.529691
0.529877
0.530063
0.529854
0.529644
0.529830
0.529621
0.529807
0.529597
0.529783
0.529968
0.529760
0.529551
0.529342
0.529134
0.529319
0.529504
0.529689
0.529874
0.530059
0.530244
0.530035
0.530220
0.530404
0.530588
0.530772
0.530956
0.531140
0.531323
0.531507
0.531299
0.531091
0.531274
0.531458
0.531641
0.531824
0.531616
0.531799
0.531981
0.532164
0.531956
0.532139
0.531931
0.531724
0.531518
0.531311
0.531104
0.530898
0.530692
0.530874
0.530668
0.530462
0.530644
0.530438
0.530233
0.530415
0.530596
0.530391
0.530573
0.530754
0.530936
0.530731
0.530526
0.530707
0.530502
0.530683
0.530864
0.531045
0.531226
0.531021
0.530817
0.530997
0.531178
0.530973
0.530769
0.530565
0.530746
0.530926
0.531106
0.530902
0.530698
0.530878
0.531058
0.530855
0.530651
0.530831
0.531011
0.530807
0.530604
0.530402
0.530199
0.529996
0.530176
0.530355
0.530534
0.530332
0.530511
0.530309
0.530488
0.530286
0.530465
0.530643
0.530441
0.530240
0.530038
0.529837
0.530015
0.530194
0.530372
0.530171
0.529970
0.529769
0.529568
0.529746
0.529545
0.529345
0.529145
0.529323
0.529501
0.529301
0.529478
0.529278
0.529079
0.528879
0.529057
0.529234
0.529035
0.528835
0.529013
0.529190
0.528991
0.529168
0.529345
0.529522
0.529699
0.529876
0.529677
0.529854
0.529655
0.529456
0.529257
0.529434
0.529610
0.529412
0.529588
0.529764
0.529940
0.530116
0.529918
0.530093
0.529895
0.530071
0.529873
0.529675
0.529478
0.529653
0.529828
0.530004
0.529806
0.529609
0.529412
0.529587
0.529762
0.529565
0.529740
0.529543
0.529718
0.529521
0.529696
0.529499
0.529303
0.529477
0.529652
0.529826
0.530000
0.530174
0.530348
0.530522
0.530695
0.530869
0.531042
0.531215
0.531388
0.531561
0.531365
0.531538
0.531711
0.531884
0.531688
0.531860
0.532032
0.531837
0.531641
0.531813
0.531985
0.531790
0.531594
0.531766
0.531938
0.531743
0.531548
0.531720
0.531892
0.532063
0.531868
0.532040
0.531845
0.531650
0.531456
0.531261
0.531433
0.531239
0.531410
0.531216
0.531387
0.531558
0.531729
0.531535
0.531341
0.531148
0.530954
0.531125
0.530932
0.530738
0.530545
0.530716
0.530887
0.531057
0.531227
0.531397
0.531205
0.531375
0.531545
0.531714
0.531522
0.531329
0.531499
0.531307
0.531476
0.531646
0.531815
0.531623
0.531431
0.531239
0.531408
0.531216
0.531025
0.530833
0.531002
0.531171
0.531340
0.531149
0.531317
0.531486
0.531655
0.531823
0.531991
0.532160
0.531968
0.532136
0.532304
0.532472
0.532640
0.532449
0.532258
0.532426
0.532235
0.532402
0.532570
0.532737
0.532904
0.533071
0.533238
0.533047
0.533214
0.533024
0.533191
0.533000
0.532810
0.532977
0.533143
0.533310
0.533476
0.533642
0.533808
0.533618
0.533784
0.533949
0.534115
0.534281
0.534446
0.534611
0.534422
0.534587
0.534752
0.534917
0.535082
0.535246
0.535057
0.535221
0.535386
0.535196
0.535361
0.535525
0.535336
0.535147
0.534958
0.534769
0.534933
0.535097
0.535261
0.535072
0.534884
0.535048
0.535211
0.535375
0.535538
0.535702
0.535513
0.535677
0.535840
0.536003
0.535815
0.535978
0.535789
0.535952
0.536115
0.535927
0.535739
0.535902
0.535714
0.535527
0.535339
0.535152
0.534965
0.535128
0.534941
0.534754
0.534916
0.535079
0.534892
0.534705
0.534868
0.535030
0.535192
0.535005
0.534819
0.534633
0.534795
0.534957
0.534770
0.534932
0.534746
0.534908
0.534722
0.534884
0.534698
0.534513
0.534674
0.534489
0.534650
0.534811
0.534626
0.534787
0.534602
0.534417
0.534578
0.534393
0.534209
0.534024
0.534185
0.534001
0.533816
0.533632
0.533793
0.533954
0.534114
0.534275
0.534091
0.534251
0.534412
0.534572
0.534388
0.534548
0.534364
0.534181
0.534341
0.534501
0.534317
0.534134
0.534294
0.534453
0.534613
0.534430
0.534589
0.534406
0.534565
0.534382
0.534200
0.534359
0.534518
0.534677
0.534836
0.534995
0.535154
0.535312
0.535130
0.535288
0.535446
0.535264
0.535082
0.535240
0.535398
0.535216
0.535374
0.535192
0.535010
0.535168
0.534986
0.534805
0.534623
0.534781
0.534939
0.535097
0.535254
0.535412
0.535569
0.535388
0.535545
0.535364
0.535183
0.535002
0.534821
0.534978
0.535135
0.534954
0.534774
0.534593
0.534413
0.534233
0.534390
0.534547
0.534703
0.534860
0.534680
0.534500
0.534320
0.534477
0.534634
0.534790
0.534946
0.534767
0.534587
0.534743
0.534564
0.534720
0.534541
0.534697
0.534517
0.534673
0.534829
0.534985
0.534806
0.534627
0.534783
0.534604
0.534759
0.534581
0.534402
0.534558
0.534379
0.534201
0.534023
0.533845
0.534000
0.534155
0.533977
0.534133
0.533955
0.534110
0.534265
0.534420
0.534242
0.534397
0.534219
0.534042
0.534197
0.534351
0.534506
0.534328
0.534483
0.534637
0.534791
0.534945
0.534768
0.534591
0.534745
0.534568
0.534722
0.534545
0.534699
0.534853
0.534676
0.534830
0.534984
0.534807
0.534960
0.535114
0.534937
0.534761
0.534585
0.534409
0.534233
0.534386
0.534539
0.534693
0.534845
0.534998
0.534823
0.534975
0.534800
0.534952
0.535105
0.535257
0.535082
0.534907
0.534731
0.534556
0.534381
0.534534
0.534686
0.534511
0.534663
0.534488
0.534641
0.534793
0.534944
0.535096
0.535248
0.535400
0.535551
0.535377
0.535528
0.535354
0.535179
0.535005
0.534831
0.534657
0.534808
0.534634
0.534460
0.534612
0.534438
0.534264
0.534091
0.533918
0.534069
0.534220
0.534371
0.534198
0.534349
0.534500
0.534326
0.534153
0.533981
0.534131
0.534282
0.534433
0.534260
0.534087
0.534238
0.534065
0.534216
0.534043
0.533871
0.533699
0.533849
0.533677
0.533827
0.533655
0.533806
0.533634
0.533784
0.533934
0.533762
0.533590
0.533419
0.533248
0.533076
0.532905
0.533055
0.533205
0.533355
0.533504
0.533333
0.533162
0.533312
0.533461
0.533291
0.533120
0.532949
0.532779
0.532928
0.533078
0.532907
0.533057
0.532886
0.533035
0.533184
0.533014
0.532844
0.532675
0.532505
0.532654
0.532803
0.532633
0.532782
0.532930
0.532761
0.532591
0.532422
0.532253
0.532402
0.532550
0.532698
0.532529
0.532678
0.532509
0.532657
0.532488
0.532319
0.532468
0.532299
0.532447
0.532595
0.532743
0.532574
0.532406
0.532238
0.532070
0.532217
0.532049
0.531881
0.531713
0.531861
0.532009
0.532156
0.531989
0.532136
0.532283
0.532431
0.532263
0.532410
0.532243
0.532075
0.531908
0.531741
0.531574
0.531407
0.531240
0.531073
0.530907
0.530740
0.530887
0.530721
0.530868
0.530702
0.530849
0.530683
0.530516
0.530350
0.530185
0.530019
0.529853
0.530000
0.529834
0.529669
0.529816
0.529650
0.529797
0.529944
0.529779
0.529925
0.529760
0.529907
0.529742
0.529888
0.529723
0.529558
0.529393
0.529540
0.529686
0.529521
0.529357
0.529503
0.529339
0.529174
0.529321
0.529156
0.528992
0.529138
0.529284
0.529120
0.529266
0.529102
0.528938
0.528775
0.528921
0.528757
0.528593
0.528739
0.528885
0.529030
0.528867
0.529012
0.529158
0.528994
0.529140
0.529285
0.529430
0.529575
0.529412
0.529249
0.529086
0.529231
0.529068
0.528905
0.528743
0.528888
0.529032
0.529177
0.529321
0.529159
0.529303
0.529448
0.529285
0.529430
0.529268
0.529105
0.528943
0.529088
0.528926
0.528764
0.528908
0.528746
0.528585
0.528423
0.528262
0.528406
0.528550
0.528388
0.528227
0.528371
0.528515
0.528354
0.528193
0.528032
0.528175
0.528319
0.528158
0.527998
0.528141
0.527981
0.527820
0.527964
0.528107
0.528250
0.528090
0.528233
0.528073
0.527913
0.527753
0.527592
0.527736
0.527576
0.527416
0.527559
0.527702
0.527542
0.527685
0.527526
0.527669
0.527509
0.527350
0.527492
0.527333
0.527174
0.527317
0.527157
0.527300
0.527443
0.527585
0.527728
0.527569
0.527711
0.527853
0.527995
0.528137
0.527978
0.528120
0.528262
0.528103
0.528245
0.528086
0.527928
0.527769
0.527611
0.527453
0.527595
0.527736
0.527578
0.527719
0.527861
0.527703
0.527844
0.527986
0.528127
0.528268
0.528409
0.528550
0.528691
0.528533
0.528375
0.528516
0.528657
0.528499
0.528640
0.528780
0.528623
0.528465
0.528307
0.528150
0.528291
0.528431
0.528274
0.528117
0.527960
0.527803
0.527943
0.528083
0.527926
0.527770
0.527910
0.527753
0.527596
0.527440
0.527580
0.527424
0.527564
0.527704
0.527844
0.527687
0.527531
0.527375
0.527219
0.527063
0.527203
0.527343
0.527482
0.527326
0.527466
0.527606
0.527745
0.527884
0.528024
0.528163
0.528007
0.528146
0.528285
0.528424
0.528563
0.528702
0.528840
0.528979
0.528824
0.528962
0.529101
0.529239
0.529377
0.529222
0.529066
0.529205
0.529343
0.529481
0.529619
0.529464
0.529601
0.529739
0.529584
0.529429
0.529567
0.529704
0.529842
0.529687
0.529532
0.529377
0.529223
0.529360
0.529498
0.529635
0.529772
0.529618
0.529463
0.529309
0.529155
0.529292
0.529429
0.529566
0.529412
0.529258
0.529104
0.529241
0.529378
0.529224
0.529070
0.529207
0.529053
0.529190
0.529326
0.529173
0.529019
0.528866
0.528712
0.528849
0.528696
0.528832
0.528969
0.528816
0.528952
0.529088
0.528935
0.528782
0.528918
0.528766
0.528902
0.529038
0.529174
0.529310
0.529446
0.529582
0.529717
0.529853
0.529700
0.529836
0.529971
0.529818
0.529666
0.529801
0.529937
0.529784
0.529919
0.530055
0.529902
0.530037
0.529885
0.529733
0.529581
0.529716
0.529851
0.529699
0.529834
0.529682
0.529817
0.529951
0.529799
0.529934
0.529782
0.529631
0.529765
0.529614
0.529748
0.529597
0.529731
0.529580
0.529714
0.529563
0.529697
0.529832
0.529966
0.530100
0.530234
0.530368
0.530502
0.530351
0.530199
0.530333
0.530182
0.530031
0.529880
0.529730
0.529579
0.529713
0.529562
0.529412
0.529261
0.529395
0.529245
0.529378
0.529512
0.529645
0.529779
0.529912
0.529762
0.529612
0.529745
0.529878
0.529728
0.529578
0.529711
0.529562
0.529412
0.529262
0.529395
0.529246
0.529096
0.529229
0.529362
0.529495
0.529628
0.529760
0.529611
0.529462
0.529594
0.529445
0.529577
0.529428
0.529279
0.529412
0.529544
0.529676
0.529809
0.529660
0.529511
0.529362
0.529494
0.529626
0.529759
0.529891
0.529742
0.529874
0.530006
0.529857
0.529709
0.529560
0.529412
0.529544
0.529395
0.529527
0.529659
0.529510
0.529642
0.529494
0.529625
0.529757
0.529888
0.530020
0.530151
0.530003
0.530134
0.529986
0.530117
0.530248
0.530100
0.530231
0.530084
0.530214
0.530345
0.530476
0.530328
0.530459
0.530311
0.530164
0.530017
0.530147
0.530000
0.530131
0.530261
0.530391
0.530522
0.530374
0.530227
0.530080
0.530211
0.530064
0.530194
0.530047
0.530177
0.530307
0.530160
0.530290
0.530144
0.529997
0.529851
0.529704
0.529834
0.529964
0.530094
0.529948
0.530077
0.530207
0.530061
0.530190
0.530320
0.530174
0.530028
0.529882
0.529736
0.529590
0.529719
0.529849
0.529978
0.529832
0.529962
0.530091
0.530220
0.530074
0.530203
0.530058
0.530187
0.530041
0.529896
0.530025
0.530154
0.530008
0.529863
0.529992
0.529847
0.529975
0.529830
0.529685
0.529814
0.529669
0.529798
0.529926
0.530055
0.529910
0.530038
0.530167
0.530022
0.529877
0.529733
0.529861
0.529989
0.529845
0.529973
0.529828
0.529684
0.529812
0.529668
0.529524
0.529652
0.529508
0.529364
0.529492
0.529620
0.529476
0.529332
0.529188
0.529045
0.529172
0.529029
0.529157
0.529013
0.528870
0.528726
0.528583
0.528440
0.528297
0.528154
0.528011
0.527868
0.527725
0.527853
0.527710
0.527838
0.527965
0.528093
0.528220
0.528348
0.528205
0.528063
0.527920
0.528047
0.528175
0.528032
0.527890
0.527748
0.527606
0.527464
0.527591
0.527449
0.527307
0.527165
0.527023
0.527151
0.527009
0.526867
0.526994
0.527121
0.526980
0.526838
0.526697
0.526824
0.526951
0.527078
0.527205
0.527063
0.527190
0.527317
0.527443
0.527570
0.527696
0.527822
0.527949
0.527807
0.527666
0.527793
0.527652
0.527778
0.527637
0.527496
0.527355
0.527481
0.527341
0.527467
0.527593
0.527719
0.527844
0.527970
0.528096
0.527955
0.528081
0.528206
0.528332
0.528457
0.528583
0.528442
0.528568
0.528427
0.528552
0.528678
0.528803
0.528662
0.528787
0.528912
0.529037
0.529162
0.529022
0.529147
0.529007
0.529131
0.529256
0.529116
0.529241
0.529101
0.528961
0.529085
0.528945
0.528805
0.528930
0.528790
0.528915
0.529039
0.528899
0.528760
0.528884
0.529008
0.528869
0.528993
0.529117
0.529241
0.529365
0.529226
0.529350
0.529474
0.529334
0.529195
0.529056
0.529180
0.529304
0.529164
0.529288
0.529149
0.529273
0.529396
0.529257
0.529119
0.528980
0.528841
0.528965
0.528826
0.528949
0.528811
0.528672
0.528796
0.528919
0.528781
0.528642
0.528766
0.528627
0.528751
0.528612
0.528474
0.528598
0.528721
0.528583
0.528706
0.528568
0.528691
0.528814
0.528676
0.528538
0.528661
0.528523
0.528385
0.528508
0.528371
0.528493
0.528616
0.528739
0.528601
0.528464
0.528326
0.528449
0.528312
0.528175
0.528037
0.527900
0.527763
0.527626
0.527490
0.527612
0.527475
0.527598
0.527720
0.527843
0.527706
0.527828
0.527691
0.527555
0.527677
0.527541
0.527404
0.527526
0.527390
0.527254
0.527118
0.527240
0.527104
0.526968
0.527090
0.526954
0.527076
0.526940
0.527062
0.527184
0.527305
0.527170
0.527034
0.527156
0.527020
0.526884
0.526749
0.526614
0.526478
0.526600
0.526721
0.526843
0.526708
0.526829
0.526951
0.527072
0.526937
0.527058
0.526923
0.526788
0.526909
0.527030
0.527152
0.527017
0.526882
0.526747
0.526612
0.526477
0.526343
0.526464
0.526329
0.526450
0.526316
0.526181
0.526047
0.525913
0.526034
0.526155
0.526020
0.526141
0.526262
0.526128
0.526249
0.526115
0.526235
0.526101
0.526222
0.526088
0.525954
0.525820
0.525687
0.525807
0.525928
0.525794
0.525661
0.525781
0.525648
0.525514
0.525635
0.525501
0.525622
0.525488
0.525609
0.525475
0.525342
0.525209
0.525076
0.524943
0.524810
0.524677
0.524545
0.524412
0.524532
0.524652
0.524773
0.524640
0.524507
0.524375
0.524495
0.524615
0.524483
0.524350
0.524470
0.524590
0.524710
0.524830
0.524950
0.524817
0.524937
0.524805
0.524924
0.524792
0.524660
0.524528
0.524396
0.524516
0.524635
0.524504
0.524372
0.524240
0.524108
0.524228
0.524347
0.524467
0.524335
0.524204
0.524323
0.524442
0.524561
0.524430
0.524299
0.524167
0.524036
0.524155
0.524274
0.524393
0.524512
0.524631
0.524500
0.524369
0.524488
0.524357
0.524476
0.524345
0.524463
0.524332
0.524451
0.524570
0.524439
0.524557
0.524427
0.524545
0.524664
0.524782
0.524651
0.524770
0.524888
0.524757
0.524876
0.524994
0.524863
0.524733
0.524602
0.524472
0.524590
0.524708
0.524578
0.524448
0.524318
0.524436
0.524554
0.524423
0.524541
0.524411
0.524281
0.524152
0.524022
0.523892
0.523762
0.523880
0.523998
0.523868
0.523739
0.523857
0.523727
0.523845
0.523715
0.523833
0.523951
0.524068
0.524186
0.524303
0.524420
0.524291
0.524408
0.524526
0.524643
0.524513
0.524631
0.524501
0.524618
0.524735
0.524606
0.524477
0.524348
0.524465
0.524336
0.524453
0.524570
0.524687
0.524804
0.524675
0.524546
0.524417
0.524534
0.524405
0.524522
0.524393
0.524510
0.524626
0.524743
0.524859
0.524976
0.525092
0.525208
0.525324
0.525440
0.525556
0.525672
0.525788
0.525660
0.525776
0.525892
0.526007
0.525879
0.525751
0.525622
0.525738
0.525854
0.525725
0.525597
0.525469
0.525341
0.525457
0.525572
0.525444
0.525560
0.525675
0.525791
0.525906
0.526021
0.526137
0.526009
0.526124
0.525996
0.526111
0.526226
0.526341
0.526214
0.526086
0.525958
0.526073
0.525946
0.525818
0.525933
0.525806
0.525678
0.525551
0.525666
0.525539
0.525411
0.525284
0.525157
0.525030
0.524903
0.524776
0.524650
0.524523
0.524396
0.524511
0.524626
0.524499
0.524614
0.524487
0.524361
0.524476
0.524590
0.524705
0.524819
0.524934
0.524807
0.524922
0.525036
0.525150
0.525024
0.524898
0.524772
0.524645
0.524519
0.524393
0.524267
0.524141
0.524015
0.524130
0.524244
0.524118
0.524232
0.524107
0.524221
0.524095
0.524209
0.524083
0.524197
0.524072
0.524186
0.524060
0.524174
0.524049
0.523923
0.524037
0.523912
0.524026
0.523901
0.524014
0.524128
0.524242
0.524117
0.524230
0.524344
0.524457
0.524571
0.524446
0.524559
0.524672
0.524547
0.524660
0.524774
0.524887
0.525000
0.525113
0.524988
0.524863
0.524976
0.525089
0.524964
0.524840
0.524715
0.524828
0.524703
0.524816
0.524691
0.524567
0.524680
0.524792
0.524905
0.524781
0.524656
0.524769
0.524645
0.524757
0.524870
0.524982
0.524858
0.524970
0.525083
0.525195
0.525307
0.525183
0.525295
0.525408
0.525284
0.525396
0.525272
0.525148
0.525260
0.525372
0.525484
0.525596
0.525708
0.525819
0.525695
0.525807
0.525683
0.525795
0.525907
0.525783
0.525659
0.525535
0.525647
0.525759
0.525870
0.525747
0.525623
0.525499
0.525611
0.525487
0.525364
0.525475
0.525587
0.525464
0.525340
0.525217
0.525328
0.525205
0.525082
0.525193
0.525070
0.525182
0.525059
0.524936
0.525047
0.525158
0.525269
0.525146
0.525257
0.525368
0.525479
0.525590
0.525467
0.525345
0.525455
0.525333
0.525210
0.525088
0.524965
0.524843
0.524720
0.524831
0.524942
0.525052
0.524930
0.524808
0.524686
0.524563
0.524441
0.524552
0.524430
0.524541
0.524419
0.524297
0.524407
0.524285
0.524164
0.524274
0.524385
0.524263
0.524373
0.524484
0.524594
0.524472
0.524351
0.524461
0.524339
0.524450
0.524560
0.524670
0.524548
0.524659
0.524537
0.524416
0.524294
0.524173
0.524283
0.524393
0.524272
0.524382
0.524492
0.524371
0.524480
0.524590
0.524700
0.524810
0.524919
0.524798
0.524677
0.524556
0.524435
0.524545
0.524424
0.524534
0.524643
0.524522
0.524632
0.524511
0.524620
0.524730
0.524839
0.524718
0.524598
0.524707
0.524586
0.524466
0.524575
0.524455
0.524564
0.524443
0.524323
0.524203
0.524083
0.524192
0.524301
0.524181
0.524060
0.523940
0.523820
0.523700
0.523581
0.523461
0.523570
0.523450
0.523559
0.523668
0.523548
0.523657
0.523537
0.523418
0.523298
0.523407
0.523516
0.523625
0.523505
0.523386
0.523266
0.523147
0.523256
0.523364
0.523245
0.523126
0.523007
0.522888
0.522769
0.522877
0.522986
0.523094
0.522975
0.523084
0.522965
0.522846
0.522955
0.522836
0.522944
0.523052
0.522934
0.523042
0.523150
0.523258
0.523140
0.523248
0.523129
0.523237
0.523345
0.523453
0.523561
0.523669
0.523551
0.523659
0.523766
0.523874
0.523756
0.523637
0.523519
0.523400
0.523508
0.523390
0.523272
0.523379
0.523487
0.523594
0.523702
0.523810
0.523691
0.523573
0.523681
0.523788
0.523895
0.523777
0.523885
0.523767
0.523649
0.523531
0.523413
0.523295
0.523402
0.523285
0.523167
0.523274
0.523381
0.523264
0.523146
0.523029
0.523136
0.523018
0.523125
0.523232
0.523339
0.523446
0.523553
0.523660
0.523543
0.523425
0.523308
0.523415
0.523297
0.523404
0.523287
0.523394
0.523500
0.523383
0.523266
0.523149
0.523032
0.523139
0.523022
0.522905
0.522788
0.522895
0.523001
0.522885
0.522768
0.522874
0.522981
0.522864
0.522971
0.522854
0.522737
0.522621
0.522727
0.522834
0.522940
0.523046
0.523152
0.523258
0.523142
0.523248
0.523354
0.523460
0.523566
0.523450
0.523556
0.523661
0.523767
0.523651
0.523757
0.523862
0.523746
0.523852
0.523736
0.523619
0.523725
0.523831
0.523715
0.523820
0.523926
0.523810
0.523694
0.523578
0.523683
0.523788
0.523894
0.523999
0.524104
0.524210
0.524094
0.524199
0.524083
0.523967
0.523852
0.523957
0.523841
0.523725
0.523610
0.523715
0.523820
0.523705
0.523589
0.523694
0.523579
0.523463
0.523348
0.523453
0.523338
0.523443
0.523548
0.523432
0.523537
0.523422
0.523527
0.523632
0.523516
0.523401
0.523506
0.523391
0.523496
0.523600
0.523486
0.523371
0.523475
0.523360
0.523246
0.523350
0.523235
0.523121
0.523006
0.523111
0.523215
0.523319
0.523424
0.523309
0.523195
0.523080
0.522966
0.523070
0.523174
0.523279
0.523383
0.523269
0.523154
0.523258
0.523362
0.523466
0.523570
0.523456
0.523560
0.523664
0.523550
0.523654
0.523758
0.523643
0.523529
0.523415
0.523301
0.523187
0.523074
0.523177
0.523064
0.522950
0.523054
0.523157
0.523043
0.523147
0.523251
0.523354
0.523458
0.523344
0.523448
0.523551
0.523655
0.523758
0.523644
0.523748
0.523851
0.523954
0.523840
0.523727
0.523830
0.523933
0.524036
0.524139
0.524242
0.524345
0.524448
0.524551
0.524654
0.524757
0.524859
0.524962
0.524849
0.524735
0.524838
0.524941
0.524827
0.524714
0.524817
0.524703
0.524806
0.524693
0.524795
0.524682
0.524785
0.524887
0.524989
0.525092
0.524978
0.525081
0.525183
0.525285
0.525387
0.525489
0.525376
0.525263
0.525150
0.525253
0.525355
0.525242
0.525344
0.525446
0.525547
0.525649
0.525536
0.525638
0.525740
0.525842
0.525943
0.525831
0.525932
0.525820
0.525707
0.525594
0.525482
0.525369
0.525257
0.525144
0.525246
0.525134
0.525021
0.525123
0.525224
0.525326
0.525427
0.525529
0.525630
0.525518
0.525406
0.525293
0.525395
0.525496
0.525597
0.525698
0.525800
0.525901
0.526002
0.526103
0.526204
0.526305
0.526405
0.526293
0.526394
0.526495
0.526596
0.526484
0.526372
0.526472
0.526361
0.526249
0.526349
0.526450
0.526551
0.526439
0.526539
0.526640
0.526740
0.526628
0.526517
0.526617
0.526506
0.526394
0.526282
0.526171
0.526271
0.526160
0.526260
0.526149
0.526037
0.526138
0.526238
0.526338
0.526438
0.526538
0.526427
0.526527
0.526416
0.526305
0.526193
0.526082
0.526182
0.526282
0.526382
0.526271
0.526371
0.526260
0.526360
0.526460
0.526560
0.526660
0.526759
0.526859
0.526748
0.526637
0.526737
0.526836
0.526726
0.526615
0.526714
0.526814
0.526703
0.526592
0.526692
0.526581
0.526681
0.526780
0.526669
0.526559
0.526448
0.526548
0.526647
0.526746
0.526846
0.526945
0.526834
0.526934
0.527033
0.527132
0.527231
0.527330
0.527429
0.527318
0.527417
0.527307
0.527197
0.527296
0.527394
0.527493
0.527592
0.527482
0.527580
0.527679
0.527569
0.527459
0.527557
0.527656
0.527546
0.527644
0.527534
0.527633
0.527731
0.527830
0.527720
0.527818
0.527917
0.527807
0.527697
0.527587
0.527685
0.527784
0.527882
0.527772
0.527662
0.527760
0.527859
0.527749
0.527847
0.527945
0.527835
0.527934
0.527824
0.527922
0.528020
0.527910
0.527801
0.527691
0.527582
0.527680
0.527778
0.527876
0.527973
0.528071
0.527962
0.527853
0.527950
0.528048
0.527939
0.528036
0.528134
0.528232
0.528329
0.528427
0.528524
0.528622
0.528719
0.528610
0.528707
0.528804
0.528695
0.528793
0.528890
0.528781
0.528878
0.528769
0.528866
0.528963
0.528854
0.528951
0.528842
0.528939
0.529036
0.529133
0.529230
0.529327
0.529218
0.529315
0.529412
0.529509
0.529400
0.529291
0.529182
0.529279
0.529170
0.529061
0.528953
0.529049
0.529146
0.529243
0.529339
0.529436
0.529532
0.529424
0.529520
0.529412
0.529303
0.529195
0.529291
0.529183
0.529279
0.529376
0.529267
0.529159
0.529255
0.529352
0.529243
0.529340
0.529436
0.529532
0.529628
0.529724
0.529820
0.529916
0.529808
0.529904
0.529796
0.529892
0.529784
0.529676
0.529772
0.529664
0.529759
0.529855
0.529951
0.529843
0.529939
0.530035
0.529927
0.530022
0.530118
0.530214
0.530309
0.530405
0.530500
0.530392
0.530488
0.530583
0.530475
0.530571
0.530666
0.530558
0.530654
0.530546
0.530641
0.530736
0.530629
0.530724
0.530616
0.530712
0.530604
0.530699
0.530592
0.530484
0.530579
0.530472
0.530364
0.530459
0.530554
0.530447
0.530340
0.530233
0.530328
0.530422
0.530517
0.530410
0.530505
0.530398
0.530493
0.530386
0.530279
0.530373
0.530468
0.530563
0.530456
0.530349
0.530444
0.530337
0.530431
0.530526
0.530620
0.530715
0.530608
0.530703
0.530596
0.530690
0.530785
0.530678
0.530571
0.530666
0.530559
0.530653
0.530748
0.530842
0.530936
0.531030
0.530924
0.531018
0.531112
0.531206
0.531300
0.531194
0.531087
0.531181
0.531275
0.531169
0.531263
0.531156
0.531250
0.531144
0.531237
0.531331
0.531225
0.531119
0.531012
0.530906
0.531000
0.531094
0.530988
0.530881
0.530975
0.531069
0.531163
0.531256
0.531350
0.531443
0.531537
0.531630
0.531524
0.531418
0.531512
0.531406
0.531300
0.531393
0.531287
0.531381
0.531275
0.531169
0.531063
0.530958
0.531051
0.531144
0.531238
0.531132
0.531026
0.531120
0.531014
0.530908
0.530803
0.530896
0.530791
0.530685
0.530580
0.530673
0.530568
0.530462
0.530556
0.530649
0.530543
0.530637
0.530531
0.530426
0.530519
0.530414
0.530309
0.530402
0.530495
0.530588
0.530483
0.530576
0.530669
0.530564
0.530657
0.530552
0.530447
0.530342
0.530237
0.530132
0.530028
0.529923
0.530016
0.530109
0.530201
0.530097
0.529992
0.529888
0.529980
0.530073
0.530166
0.530061
0.530154
0.530246
0.530339
0.530431
0.530327
0.530222
0.530315
0.530211
0.530106
0.530002
0.530094
0.530187
0.530083
0.529978
0.530071
0.530163
0.530059
0.530151
0.530244
0.530139
0.530232
0.530128
0.530220
0.530312
0.530208
0.530300
0.530196
0.530288
0.530380
0.530276
0.530172
0.530264
0.530161
0.530057
0.529953
0.529849
0.529746
0.529642
0.529538
0.529630
0.529722
0.529814
0.529906
0.529998
0.530090
0.530182
0.530273
0.530170
0.530262
0.530353
0.530250
0.530341
0.530433
0.530525
0.530616
0.530513
0.530409
0.530306
0.530398
0.530489
0.530580
0.530672
0.530763
0.530855
0.530946
0.531037
0.530934
0.530831
0.530727
0.530819
0.530910
0.530807
0.530898
0.530989
0.530886
0.530783
0.530680
0.530771
0.530862
0.530759
0.530850
0.530747
0.530644
0.530735
0.530826
0.530917
0.531008
0.531099
0.530996
0.530893
0.530790
0.530687
0.530585
0.530482
0.530379
0.530277
0.530174
0.530265
0.530162
0.530060
0.530151
0.530242
0.530332
0.530423
0.530321
0.530218
0.530116
0.530014
0.529911
0.530002
0.530093
0.530183
0.530274
0.530364
0.530262
0.530160
0.530058
0.529956
0.530046
0.529944
0.530035
0.530125
0.530216
0.530114
0.530204
0.530294
0.530385
0.530475
0.530565
0.530463
0.530361
0.530451
0.530350
0.530440
0.530530
0.530620
0.530518
0.530416
0.530315
0.530213
0.530303
0.530201
0.530100
0.530190
0.530280
0.530370
0.530460
0.530550
0.530448
0.530538
0.530628
0.530718
0.530807
0.530897
0.530987
0.531077
0.531166
0.531065
0.531154
0.531244
0.531334
0.531232
0.531322
0.531411
0.531501
0.531399
0.531298
0.531196
0.531095
0.531184
0.531083
0.530982
0.531071
0.530970
0.531059
0.531149
0.531238
0.531137
0.531226
0.531125
0.531024
0.531113
0.531202
0.531292
0.531191
0.531090
0.530989
0.531078
0.531167
0.531256
0.531345
0.531434
0.531523
0.531422
0.531511
0.531410
0.531499
0.531588
0.531487
0.531386
0.531475
0.531374
0.531274
0.531363
0.531451
0.531540
0.531629
0.531528
0.531617
0.531705
0.531794
0.531693
0.531782
0.531871
0.531959
0.531859
0.531947
0.531847
0.531746
0.531646
0.531734
0.531634
0.531722
0.531622
0.531521
0.531421
0.531509
0.531409
0.531498
0.531397
0.531297
0.531385
0.531285
0.531374
0.531462
0.531362
0.531450
0.531350
0.531438
0.531526
0.531615
0.531515
0.531603
0.531691
0.531591
0.531679
0.531579
0.531479
0.531379
0.531467
0.531555
0.531643
0.531543
0.531631
0.531719
0.531807
0.531707
0.531608
0.531508
0.531408
0.531309
0.531209
0.531297
0.531197
0.531098
0.530998
0.531086
0.530987
0.530887
0.530788
0.530689
0.530589
0.530490
0.530391
0.530292
0.530380
0.530467
0.530368
0.530456
0.530357
0.530258
0.530345
0.530246
0.530334
0.530422
0.530509
0.530410
0.530312
0.530399
0.530300
0.530388
0.530475
0.530563
0.530464
0.530551
0.530639
0.530540
0.530627
0.530529
0.530616
0.530517
0.530605
0.530506
0.530593
0.530495
0.530582
0.530483
0.530571
0.530658
0.530745
0.530832
0.530919
0.531006
0.530908
0.530809
0.530896
0.530798
0.530699
0.530601
0.530502
0.530404
0.530491
0.530393
0.530295
0.530382
0.530469
0.530556
0.530457
0.530544
0.530631
0.530718
0.530620
0.530522
0.530424
0.530510
0.530412
0.530314
0.530216
0.530303
0.530390
0.530477
0.530379
0.530465
0.530552
0.530454
0.530541
0.530443
0.530345
0.530432
0.530518
0.530605
0.530507
0.530409
0.530496
0.530582
0.530669
0.530571
0.530473
0.530560
0.530462
0.530364
0.530451
0.530537
0.530623
0.530710
0.530796
0.530699
0.530785
0.530871
0.530957
0.531043
0.530946
0.531032
0.531118
0.531021
0.530923
0.531009
0.531095
0.531181
0.531267
0.531353
0.531439
0.531525
0.531428
0.531513
0.531416
0.531502
0.531404
0.531490
0.531576
0.531662
0.531747
0.531650
0.531736
0.531639
0.531541
0.531627
0.531713
0.531798
0.531701
0.531787
0.531690
0.531592
0.531678
0.531763
0.531849
0.531934
0.532020
0.531923
0.531826
0.531911
0.531996
0.532082
0.532167
0.532252
0.532155
0.532240
0.532326
0.532229
0.532132
0.532035
0.532120
0.532205
0.532108
0.532194
0.532279
0.532364
0.532449
0.532534
0.532619
0.532703
0.532788
0.532873
0.532776
0.532861
0.532946
0.533031
0.533116
0.533200
0.533104
0.533188
0.533092
0.533176
0.533261
0.533345
0.533249
0.533333
0.533237
0.533321
0.533406
0.533490
0.533575
0.533659
0.533563
0.533466
0.533369
0.533454
0.533538
0.533623
0.533707
0.533791
0.533875
0.533960
0.534044
0.534128
0.534031
0.534116
0.534019
0.534103
0.534007
0.534091
0.534175
0.534259
0.534163
0.534066
0.533970
0.533874
0.533778
0.533862
0.533766
0.533849
0.533933
0.533837
0.533921
0.533825
0.533729
0.533813
0.533897
0.533801
0.533885
0.533968
0.534052
0.534136
0.534220
0.534303
0.534387
0.534470
0.534374
0.534458
0.534362
0.534266
0.534350
0.534254
0.534158
0.534062
0.533967
0.533871
0.533775
0.533680
0.533763
0.533668
0.533572
0.533477
0.533560
0.533644
0.533548
0.533632
0.533715
0.533619
0.533703
0.533607
0.533691
0.533774
0.533857
0.533941
0.533845
0.533929
0.533833
0.533738
0.533821
0.533726
0.533809
0.533714
0.533797
0.533880
0.533963
0.534046
0.534129
0.534212
0.534295
0.534378
0.534283
0.534366
0.534449
0.534354
0.534259
0.534342
0.534247
0.534329
0.534234
0.534139
0.534044
0.534127
0.534032
0.533937
0.534020
0.534103
0.534008
0.534091
0.533996
0.533901
0.533984
0.534067
0.534149
0.534055
0.533960
0.533865
0.533771
0.533853
0.533759
0.533664
0.533570
0.533475
0.533381
0.533463
0.533369
0.533274
0.533180
0.533263
0.533345
0.533428
0.533333
0.533416
0.533322
0.533404
0.533486
0.533569
0.533651
0.533557
0.533463
0.533369
0.533451
0.533357
0.533439
0.533522
0.533604
0.533510
0.533592
0.533498
0.533580
0.533662
0.533568
0.533474
0.533380
0.533462
0.533545
0.533627
0.533709
0.533791
0.533873
0.533779
0.533685
0.533767
0.533849
0.533931
0.533837
0.533919
0.534001
0.534083
0.533989
0.534071
0.534153
0.534059
0.534141
0.534223
0.534129
0.534035
0.534117
0.534023
0.533930
0.533836
0.533918
0.533999
0.533906
0.533812
0.533894
0.533975
0.534057
0.534139
0.534220
0.534127
0.534033
0.534115
0.534196
0.534103
0.534009
0.534091
0.534172
0.534079
0.533986
0.533892
0.533974
0.534055
0.533962
0.534043
0.533950
0.533857
0.533764
0.533671
0.533578
0.533659
0.533740
0.533647
0.533554
0.533461
0.533368
0.533275
0.533182
0.533264
0.533171
0.533078
0.533159
0.533066
0.533148
0.533055
0.533136
0.533217
0.533299
0.533380
0.533461
0.533542
0.533623
0.533704
0.533785
0.533866
0.533773
0.533854
0.533762
0.533669
0.533576
0.533657
0.533738
0.533819
0.533726
0.533807
0.533888
0.533969
0.533876
0.533784
0.533865
0.533945
0.533853
0.533760
0.533668
0.533749
0.533829
0.533910
0.533818
0.533898
0.533806
0.533887
0.533967
0.534048
0.534128
0.534209
0.534116
0.534024
0.534105
0.534012
0.534093
0.534173
0.534081
0.534162
0.534242
0.534150
0.534230
0.534138
0.534046
0.534126
0.534206
0.534287
0.534367
0.534447
0.534355
0.534435
0.534343
0.534251
0.534331
0.534412
0.534492
0.534572
0.534652
0.534560
0.534640
0.534720
0.534628
0.534708
0.534788
0.534868
0.534776
0.534856
0.534936
0.535015
0.535095
0.535003
0.534912
0.534991
0.534900
0.534979
0.535059
0.534967
0.535047
0.535127
0.535206
0.535115
0.535023
0.535103
0.535182
0.535091
0.535170
0.535250
0.535329
0.535238
0.535146
0.535226
0.535134
0.535214
0.535122
0.535031
0.535110
0.535019
0.535098
0.535007
0.535086
0.535166
0.535074
0.534983
0.534892
0.534800
0.534709
0.534618
0.534527
0.534606
0.534686
0.534765
0.534844
0.534753
0.534832
0.534911
0.534820
0.534900
0.534979
0.534888
0.534797
0.534876
0.534785
0.534694
0.534603
0.534682
0.534591
0.534500
0.534579
0.534658
0.534738
0.534647
0.534726
0.534805
0.534714
0.534623
0.534532
0.534611
0.534690
0.534769
0.534679
0.534588
0.534667
0.534746
0.534825
0.534734
0.534813
0.534722
0.534801
0.534710
0.534789
0.534868
0.534777
0.534687
0.534766
0.534844
0.534754
0.534663
0.534742
0.534652
0.534730
0.534809
0.534719
0.534797
0.534876
0.534954
0.534864
0.534943
0.535021
0.534931
0.535009
0.535088
0.534997
0.535076
0.535154
0.535064
0.535142
0.535052
0.535131
0.535209
0.535287
0.535197
0.535275
0.535354
0.535263
0.535173
0.535083
0.535161
0.535240
0.535318
0.535228
0.535306
0.535216
0.535294
0.535372
0.535282
0.535360
0.535438
0.535516
0.535426
0.535504
0.535582
0.535660
0.535570
0.535648
0.535726
0.535636
0.535714
0.535792
0.535702
0.535780
0.535858
0.535768
0.535678
0.535756
0.535666
0.535744
0.535654
0.535732
0.535643
0.535553
0.535463
0.535541
0.535452
0.535362
0.535272
0.535183
0.535261
0.535338
0.535416
0.535327
0.535404
0.535482
0.535392
0.535470
0.535547
0.535625
0.535702
0.535613
0.535524
0.535434
0.535512
0.535423
0.535333
0.535411
0.535322
0.535232
0.535310
0.535221
0.535298
0.535375
0.535453
0.535364
0.535441
0.535518
0.535429
0.535340
0.535251
0.535162
0.535239
0.535150
0.535228
0.535305
0.535216
0.535127
0.535038
0.534949
0.534861
0.534938
0.535015
0.535092
0.535169
0.535080
0.535158
0.535069
0.534980
0.534891
0.534803
0.534880
0.534957
0.535034
0.534945
0.535022
0.535099
0.535011
0.535088
0.535165
0.535076
0.535153
0.535065
0.534976
0.535053
0.535130
0.535207
0.535118
0.535195
0.535107
0.535183
0.535095
0.535172
0.535248
0.535325
0.535402
0.535479
0.535555
0.535467
0.535379
0.535290
0.535202
0.535279
0.535190
0.535102
0.535179
0.535091
0.535002
0.535079
0.535156
0.535067
0.534979
0.535056
0.534968
0.535044
0.534956
0.535033
0.535109
0.535186
0.535262
0.535174
0.535251
0.535327
0.535239
0.535151
0.535063
0.535140
0.535216
0.535128
0.535204
0.535116
0.535193
0.535105
0.535181
0.535093
0.535170
0.535246
0.535322
0.535234
0.535311
0.535223
0.535299
0.535375
0.535287
0.535363
0.535439
0.535352
0.535264
0.535177
0.535089
0.535002
0.535078
0.535154
0.535230
0.535142
0.535055
0.534967
0.535043
0.535119
0.535032
0.535108
0.535184
0.535096
0.535172
0.535248
0.535324
0.535237
0.535312
0.535225
0.535138
0.535214
0.535289
0.535365
0.535441
0.535516
0.535592
0.535505
0.535581
0.535656
0.535732
0.535645
0.535557
0.535470
0.535546
0.535621
0.535697
0.535610
0.535685
0.535761
0.535836
0.535749
0.535662
0.535575
0.535488
0.535401
0.535314
0.535227
0.535303
0.535216
0.535291
0.535367
0.535442
0.535355
0.535430
0.535506
0.535419
0.535332
0.535245
0.535159
0.535072
0.535147
0.535061
0.535136
0.535211
0.535125
0.535038
0.534951
0.535027
0.535102
0.535177
0.535252
0.535166
0.535079
0.535154
0.535068
0.534981
0.535057
0.535132
0.535207
0.535120
0.535034
0.534948
0.534861
0.534775
0.534850
0.534764
0.534839
0.534914
0.534989
0.534902
0.534977
0.535052
0.535127
0.535202
0.535116
0.535030
0.534944
0.534858
0.534771
0.534846
0.534921
0.534996
0.535071
0.535146
0.535060
0.534973
0.534887
0.534801
0.534876
0.534951
0.534865
0.534940
0.535014
0.535089
0.535164
0.535078
0.535152
0.535227
0.535141
0.535216
0.535290
0.535204
0.535279
0.535354
0.535268
0.535342
0.535256
0.535171
0.535245
0.535320
0.535394
0.535308
0.535383
0.535457
0.535371
0.535446
0.535520
0.535594
0.535669
0.535743
0.535817
0.535891
0.535806
0.535880
0.535954
0.536028
0.535942
0.535857
0.535771
0.535845
0.535760
0.535834
0.535908
0.535823
0.535897
0.535811
0.535726
0.535640
0.535714
0.535629
0.535544
0.535458
0.535373
0.535288
0.535362
0.535276
0.535191
0.535106
0.535021
0.535095
0.535169
0.535243
0.535158
0.535231
0.535146
0.535220
0.535294
0.535368
0.535442
0.535357
0.535431
0.535504
0.535578
0.535493
0.535408
0.535323
0.535238
0.535312
0.535227
0.535301
0.535374
0.535289
0.535363
0.535278
0.535193
0.535109
0.535024
0.534939
0.534854
0.534928
0.534843
0.534917
0.534832
0.534747
0.534663
0.534578
0.534494
0.534567
0.534641
0.534556
0.534472
0.534545
0.534619
0.534693
0.534766
0.534840
0.534913
0.534987
0.534902
0.534976
0.535049
0.534965
0.534880
0.534796
0.534711
0.534627
0.534700
0.534616
0.534532
0.534447
0.534521
0.534437
0.534510
0.534426
0.534499
0.534415
0.534331
0.534247
0.534162
0.534078
0.533994
0.534068
0.533984
0.533900
0.533816
0.533732
0.533805
0.533721
0.533794
0.533868
0.533784
0.533857
0.533773
0.533689
0.533763
0.533836
0.533909
0.533982
0.534055
0.533971
0.533888
0.533804
0.533877
0.533950
0.534023
0.533939
0.534013
0.533929
0.533845
0.533762
0.533835
0.533751
0.533824
0.533740
0.533813
0.533886
0.533959
0.534032
0.534105
0.534178
0.534094
0.534011
0.533927
0.533844
0.533761
0.533677
0.533750
0.533667
0.533583
0.533656
0.533573
0.533646
0.533718
0.533791
0.533864
0.533937
0.533853
0.533770
0.533687
0.533760
0.533676
0.533593
0.533510
0.533583
0.533655
0.533728
0.533801
0.533873
0.533790
0.533863
0.533780
0.533852
0.533769
0.533686
0.533603
0.533520
0.533593
0.533510
0.533427
0.533499
0.533572
0.533644
0.533561
0.533478
0.533395
0.533313
0.533385
0.533302
0.533375
0.533292
0.533364
0.533437
0.533509
0.533426
0.533344
0.533416
0.533333
0.533251
0.533323
0.533395
0.533468
0.533540
0.533612
0.533684
0.533757
0.533829
0.533746
0.533818
0.533890
0.533808
0.533880
0.533797
0.533715
0.533787
0.533859
0.533776
0.533849
0.533766
0.533684
0.533756
0.533828
0.533900
0.533817
0.533735
0.533652
0.533724
0.533642
0.533714
0.533632
0.533549
0.533467
0.533385
0.533302
0.533374
0.533292
0.533364
0.533282
0.533200
0.533118
0.533036
0.533107
0.533025
0.532943
0.533015
0.532933
0.533005
0.533077
0.532995
0.532913
0.532831
0.532903
0.532975
0.532893
0.532811
0.532729
0.532801
0.532872
0.532944
0.532862
0.532934
0.532852
0.532771
0.532842
0.532914
0.532832
0.532750
0.532669
0.532740
0.532812
0.532884
0.532802
0.532720
0.532639
0.532557
0.532629
0.532547
0.532619
0.532690
0.532762
0.532833
0.532905
0.532823
0.532895
0.532813
0.532732
0.532803
0.532722
0.532640
0.532712
0.532783
0.532854
0.532773
0.532692
0.532763
0.532682
0.532753
0.532672
0.532743
0.532662
0.532733
0.532652
0.532723
0.532794
0.532866
0.532937
0.533008
0.532927
0.532998
0.532917
0.532988
0.532907
0.532978
0.533049
0.532968
0.532887
0.532806
0.532877
0.532948
0.532867
0.532786
0.532857
0.532776
0.532847
0.532918
0.532989
0.532908
0.532979
0.533050
0.532969
0.532888
0.532959
0.532878
0.532797
0.532868
0.532787
0.532858
0.532777
0.532696
0.532615
0.532534
0.532454
0.532525
0.532444
0.532515
0.532586
0.532505
0.532576
0.532647
0.532717
0.532788
0.532707
0.532778
0.532698
0.532768
0.532839
0.532910
0.532829
0.532900
0.532970
0.532890
0.532809
0.532880
0.532950
0.533021
0.532940
0.533011
0.533082
0.533001
0.532921
0.532991
0.532911
0.532830
0.532901
0.532820
0.532891
0.532961
0.533032
0.533102
0.533172
0.533243
0.533313
0.533384
0.533454
0.533524
0.533594
0.533665
0.533735
0.533655
0.533725
0.533644
0.533564
0.533634
0.533554
0.533474
0.533544
0.533614
0.533684
0.533604
0.533524
0.533594
0.533664
0.533584
0.533504
0.533423
0.533343
0.533413
0.533333
0.533253
0.533323
0.533243
0.533313
0.533233
0.533153
0.533223
0.533293
0.533363
0.533283
0.533203
0.533273
0.533193
0.533114
0.533184
0.533253
0.533323
0.533393
0.533463
0.533533
0.533453
0.533373
0.533443
0.533513
0.533583
0.533652
0.533573
0.533642
0.533712
0.533782
0.533702
0.533772
0.533841
0.533762
0.533831
0.533901
0.533970
0.534040
0.534110
0.534179
0.534099
0.534169
0.534089
0.534159
0.534228
0.534298
0.534367
0.534287
0.534357
0.534277
0.534347
0.534416
0.534485
0.534555
0.534475
0.534544
0.534465
0.534534
0.534603
0.534673
0.534742
0.534811
0.534880
0.534949
0.535019
0.535088
0.535008
0.534929
0.534998
0.534918
0.534987
0.534908
0.534977
0.535046
0.535115
0.535184
0.535105
0.535174
0.535243
0.535163
0.535232
0.535153
0.535222
0.535142
0.535063
0.535132
0.535201
0.535270
0.535339
0.535407
0.535328
0.535397
0.535318
0.535238
0.535159
0.535228
0.535297
0.535366
0.535434
0.535355
0.535276
0.535197
0.535265
0.535186
0.535107
0.535176
0.535245
0.535313
0.535234
0.535303
0.535371
0.535440
0.535361
0.535430
0.535498
0.535419
0.535340
0.535409
0.535477
0.535398
0.535319
0.535388
0.535456
0.535525
0.535446
0.535514
0.535583
0.535651
0.535720
0.535641
0.535562
0.535630
0.535699
0.535767
0.535688
0.535609
0.535677
0.535599
0.535520
0.535441
0.535509
0.535431
0.535499
0.535420
0.535489
0.535557
0.535478
0.535546
0.535615
0.535683
0.535751
0.535672
0.535594
0.535662
0.535730
0.535651
0.535573
0.535494
0.535562
0.535484
0.535552
0.535620
0.535688
0.535756
0.535678
0.535599
0.535667
0.535735
0.535657
0.535578
0.535500
0.535568
0.535636
0.535558
0.535479
0.535547
0.535615
0.535537
0.535458
0.535380
0.535302
0.535370
0.535292
0.535359
0.535427
0.535349
0.535417
0.535339
0.535407
0.535474
0.535542
0.535610
0.535532
0.535454
0.535522
0.535589
0.535511
0.535433
0.535501
0.535423
0.535345
0.535412
0.535334
0.535402
0.535470
0.535537
0.535459
0.535381
0.535449
0.535517
0.535439
0.535506
0.535428
0.535496
0.535564
0.535631
0.535553
0.535621
0.535688
0.535756
0.535823
0.535745
0.535668
0.535590
0.535512
0.535434
0.535502
0.535424
0.535491
0.535559
0.535626
0.535694
0.535616
0.535538
0.535460
0.535383
0.535450
0.535518
0.535585
0.535652
0.535719
0.535787
0.535854
0.535776
0.535699
0.535621
0.535688
0.535611
0.535533
0.535601
0.535523
0.535590
0.535513
0.535580
0.535647
0.535570
0.535492
0.535559
0.535627
0.535549
0.535472
0.535539
0.535461
0.535384
0.535307
0.535374
0.535297
0.535219
0.535142
0.535209
0.535276
0.535199
0.535266
0.535189
0.535256
0.535323
0.535390
0.535313
0.535380
0.535303
0.535370
0.535436
0.535503
0.535426
0.535493
0.535560
0.535627
0.535694
0.535761
0.535683
0.535750
0.535673
0.535596
0.535519
0.535442
0.535509
0.535432
0.535499
0.535422
0.535488
0.535555
0.535478
0.535401
0.535325
0.535248
0.535314
0.535381
0.535448
0.535514
0.535581
0.535648
0.535714
0.535781
0.535847
0.535771
0.535837
0.535904
0.535827
0.535750
0.535817
0.535883
0.535806
0.535873
0.535939
0.535863
0.535786
0.535852
0.535776
0.535699
0.535622
0.535689
0.535612
0.535679
0.535745
0.535811
0.535735
0.535658
0.535725
0.535648
0.535714
0.535781
0.535847
0.535770
0.535837
0.535760
0.535684
0.535607
0.535531
0.535597
0.535521
0.535444
0.535511
0.535434
0.535358
0.535424
0.535348
0.535271
0.535195
0.535261
0.535328
0.535394
0.535460
0.535526
0.535592
0.535658
0.535724
0.535648
0.535572
0.535638
0.535704
0.535770
0.535694
0.535760
0.535826
0.535750
0.535674
0.535740
0.535664
0.535587
0.535653
0.535577
0.535643
0.535709
0.535633
0.535557
0.535481
0.535405
0.535471
0.535395
0.535461
0.535385
0.535309
0.535375
0.535299
0.535223
0.535289
0.535213
0.535279
0.535345
0.535411
0.535335
0.535259
0.535325
0.535249
0.535315
0.535239
0.535163
0.535088
0.535012
0.534936
0.535002
0.535068
0.534992
0.535058
0.534982
0.535048
0.535114
0.535179
0.535104
0.535028
0.535094
0.535018
0.535084
0.535008
0.535074
0.534999
0.534923
0.534989
0.535054
0.535120
0.535185
0.535251
0.535176
0.535100
0.535025
0.534949
0.535015
0.534939
0.535005
0.534930
0.534854
0.534920
0.534844
0.534910
0.534835
0.534759
0.534825
0.534750
0.534815
0.534740
0.534665
0.534589
0.534655
0.534720
0.534786
0.534711
0.534635
0.534560
0.534626
0.534691
0.534756
0.534681
0.534747
0.534812
0.534737
0.534802
0.534727
0.534652
0.534577
0.534502
0.534567
0.534633
0.534698
0.534763
0.534828
0.534753
0.534819
0.534744
0.534669
0.534734
0.534799
0.534724
0.534649
0.534714
0.534780
0.534845
0.534770
0.534835
0.534760
0.534825
0.534750
0.534815
0.534880
0.534806
0.534871
0.534936
0.534861
0.534786
0.534712
0.534777
0.534841
0.534906
0.534971
0.534897
0.534822
0.534887
0.534812
0.534738
0.534663
0.534728
0.534793
0.534858
0.534783
0.534848
0.534913
0.534838
0.534903
0.534968
0.534893
0.534819
0.534884
0.534948
0.535013
0.534939
0.535003
0.535068
0.534994
0.535058
0.534984
0.535049
0.535113
0.535039
0.534965
0.535029
0.534955
0.535019
0.535084
0.535010
0.534935
0.535000
0.535065
0.535129
0.535055
0.535119
0.535045
0.534971
0.534897
0.534961
0.535026
0.534951
0.535016
0.534942
0.534868
0.534932
0.534997
0.534922
0.534987
0.535051
0.535116
0.535180
0.535244
0.535170
0.535096
0.535161
0.535225
0.535151
0.535215
0.535141
0.535067
0.534993
0.534919
0.534845
0.534771
0.534697
0.534623
0.534549
0.534614
0.534540
0.534604
0.534530
0.534457
0.534383
0.534309
0.534373
0.534438
0.534502
0.534566
0.534630
0.534557
0.534621
0.534685
0.534611
0.534675
0.534739
0.534666
0.534592
0.534656
0.534583
0.534509
0.534573
0.534637
0.534563
0.534490
0.534554
0.534618
0.534544
0.534608
0.534535
0.534599
0.534663
0.534727
0.534653
0.534580
0.534506
0.534570
0.534634
0.534698
0.534625
0.534551
0.534478
0.534405
0.534469
0.534532
0.534459
0.534386
0.534450
0.534514
0.534577
0.534641
0.534568
0.534632
0.534558
0.534622
0.534686
0.534613
0.534677
0.534603
0.534667
0.534731
0.534658
0.534721
0.534785
0.534712
0.534639
0.534565
0.534629
0.534556
0.534620
0.534683
0.534610
0.534674
0.534601
0.534528
0.534454
0.534518
0.534445
0.534372
0.534299
0.534226
0.534290
0.534353
0.534417
0.534480
0.534407
0.534471
0.534535
0.534462
0.534389
0.534316
0.534243
0.534170
0.534097
0.534161
0.534224
0.534151
0.534079
0.534006
0.534069
0.533996
0.534060
0.534123
0.534187
0.534250
0.534314
0.534377
0.534441
0.534504
0.534431
0.534494
0.534558
0.534485
0.534548
0.534476
0.534403
0.534466
0.534530
0.534457
0.534384
0.534448
0.534511
0.534574
0.534501
0.534429
0.534356
0.534284
0.534347
0.534274
0.534202
0.534265
0.534193
0.534256
0.534319
0.534382
0.534310
0.534373
0.534436
0.534364
0.534427
0.534490
0.534553
0.534480
0.534543
0.534471
0.534399
0.534326
0.534389
0.534452
0.534380
0.534308
0.534235
0.534298
0.534226
0.534154
0.534082
0.534009
0.534072
0.534135
0.534198
0.534126
0.534054
0.534117
0.534045
0.534108
0.534036
0.533964
0.534026
0.534089
0.534152
0.534215
0.534278
0.534341
0.534404
0.534332
0.534259
0.534187
0.534250
0.534178
0.534106
0.534169
0.534232
0.534160
0.534223
0.534151
0.534213
0.534141
0.534204
0.534132
0.534195
0.534258
0.534320
0.534248
0.534177
0.534239
0.534302
0.534230
0.534158
0.534221
0.534149
0.534077
0.534005
0.533934
0.533996
0.534059
0.534121
0.534050
0.533978
0.534041
0.533969
0.534031
0.534094
0.534157
0.534085
0.534013
0.533942
0.533870
0.533798
0.533861
0.533789
0.533718
0.533780
0.533843
0.533905
0.533834
0.533762
0.533691
0.533753
0.533815
0.533878
0.533806
0.533735
0.533797
0.533726
0.533788
0.533851
0.533913
0.533842
0.533770
0.533699
0.533761
0.533824
0.533886
0.533948
0.534010
0.534073
0.534135
0.534064
0.533992
0.534054
0.533983
0.534045
0.534108
0.534170
0.534232
0.534294
0.534356
0.534418
0.534347
0.534409
0.534471
0.534400
0.534462
0.534391
0.534320
0.534382
0.534310
0.534239
0.534301
0.534230
0.534159
0.534221
0.534283
0.534345
0.534407
0.534336
0.534265
0.534194
0.534123
0.534052
0.534114
0.534043
0.534105
0.534166
0.534228
0.534290
0.534219
0.534281
0.534210
0.534272
0.534334
0.534396
0.534458
0.534387
0.534448
0.534378
0.534307
0.534236
0.534297
0.534227
0.534288
0.534217
0.534147
0.534208
0.534270
0.534199
0.534129
0.534058
0.533987
0.534049
0.533978
0.534040
0.533969
0.533898
0.533828
0.533757
0.533686
0.533748
0.533810
0.533739
0.533668
0.533730
0.533660
0.533589
0.533651
0.533712
0.533774
0.533703
0.533765
0.533827
0.533756
0.533686
0.533615
0.533677
0.533606
0.533536
0.533597
0.533527
0.533588
0.533518
0.533448
0.533509
0.533571
0.533632
0.533562
0.533623
0.533685
0.533746
0.533808
0.533737
0.533799
0.533729
0.533790
0.533720
0.533649
0.533579
0.533641
0.533702
0.533632
0.533561
0.533623
0.533553
0.533614
0.533675
0.533605
0.533666
0.533596
0.533658
0.533587
0.533517
0.533447
0.533509
0.533438
0.533500
0.533561
0.533622
0.533684
0.533613
0.533543
0.533605
0.533666
0.533727
0.533788
0.533718
0.533648
0.533578
0.533508
0.533569
0.533499
0.533429
0.533491
0.533421
0.533351
0.533412
0.533473
0.533534
0.533464
0.533394
0.533456
0.533386
0.533316
0.533377
0.533438
0.533499
0.533429
0.533490
0.533551
0.533612
0.533673
0.533604
0.533665
0.533726
0.533786
0.533717
0.533778
0.533708
0.533638
0.533699
0.533629
0.533560
0.533490
0.533551
0.533612
0.533673
0.533734
0.533664
0.533594
0.533525
0.533585
0.533646
0.533577
0.533638
0.533698
0.533759
0.533820
0.533881
0.533811
0.533742
0.533672
0.533733
0.533663
0.533724
0.533785
0.533845
0.533776
0.533706
0.533767
0.533698
0.533628
0.533689
0.533750
0.533680
0.533611
0.533671
0.533602
0.533533
0.533593
0.533524
0.533455
0.533515
0.533576
0.533636
0.533697
0.533757
0.533818
0.533879
0.533809
0.533870
0.533930
0.533991
0.533921
0.533982
0.534042
0.534103
0.534163
0.534094
0.534025
0.534085
0.534016
0.533947
0.533877
0.533808
0.533869
0.533800
0.533860
0.533920
0.533851
0.533911
0.533842
0.533903
0.533963
0.534023
0.533954
0.533885
0.533816
0.533747
0.533807
0.533868
0.533799
0.533859
0.533919
0.533979
0.534040
0.533971
0.533902
0.533962
0.534022
0.533953
0.533884
0.533944
0.534004
0.533935
0.533867
0.533798
0.533729
0.533789
0.533849
0.533780
0.533711
0.533772
0.533832
0.533892
0.533823
0.533754
0.533685
0.533745
0.533806
0.533866
0.533797
0.533857
0.533788
0.533848
0.533779
0.533711
0.533771
0.533831
0.533762
0.533693
0.533753
0.533813
0.533873
0.533933
0.533865
0.533796
0.533856
0.533916
0.533847
0.533907
0.533967
0.533898
0.533830
0.533890
0.533949
0.533881
0.533812
0.533872
0.533932
0.533992
0.533923
0.533855
0.533915
0.533846
0.533778
0.533709
0.533769
0.533829
0.533889
0.533820
0.533880
0.533811
0.533871
0.533803
0.533735
0.533666
0.533726
0.533786
0.533717
0.533777
0.533709
0.533640
0.533700
0.533760
0.533819
0.533879
0.533811
0.533742
0.533802
0.533861
0.533921
0.533853
0.533785
0.533844
0.533904
0.533836
0.533895
0.533827
0.533759
0.533691
0.533750
0.533810
0.533869
0.533929
0.533861
0.533792
0.533852
0.533784
0.533843
0.533903
0.533962
0.534021
0.534081
0.534140
0.534199
0.534259
0.534318
0.534377
0.534437
0.534369
0.534301
0.534360
0.534419
0.534478
0.534538
0.534597
0.534529
0.534461
0.534520
0.534579
0.534638
0.534698
0.534630
0.534689
0.534621
0.534553
0.534485
0.534417
0.534349
0.534408
0.534341
0.534400
0.534332
0.534264
0.534323
0.534382
0.534441
0.534373
0.534432
0.534491
0.534424
0.534356
0.534415
0.534347
0.534280
0.534212
0.534271
0.534330
0.534389
0.534321
0.534380
0.534312
0.534245
0.534304
0.534236
0.534295
0.534227
0.534160
0.534219
0.534151
0.534210
0.534269
0.534328
0.534387
0.534319
0.534378
0.534437
0.534496
0.534555
0.534487
0.534420
0.534478
0.534411
0.534470
0.534528
0.534587
0.534646
0.534705
0.534763
0.534696
0.534755
0.534687
0.534746
0.534678
0.534737
0.534796
0.534728
0.534787
0.534846
0.534904
0.534963
0.535021
0.535080
0.535013
0.535071
0.535130
0.535062
0.535121
0.535179
0.535112
0.535170
0.535229
0.535287
0.535220
0.535153
0.535211
0.535270
0.535328
0.535387
0.535445
0.535378
0.535436
0.535494
0.535553
0.535486
0.535544
0.535477
0.535535
0.535593
0.535652
0.535584
0.535517
0.535575
0.535508
0.535441
0.535499
0.535558
0.535490
0.535549
0.535481
0.535540
0.535598
0.535531
0.535464
0.535397
0.535330
0.535262
0.535195
0.535128
0.535061
0.534994
0.535053
0.535111
0.535169
0.535227
0.535285
0.535218
0.535276
0.535335
0.535268
0.535201
0.535259
0.535192
0.535125
0.535058
0.534991
0.534924
0.534983
0.535041
0.534974
0.535032
0.535090
0.535023
0.535081
0.535014
0.535072
0.535006
0.535064
0.535122
0.535180
0.535238
0.535296
0.535354
0.535411
0.535345
0.535278
0.535211
0.535269
0.535203
0.535136
0.535194
0.535127
0.535060
0.534994
0.534927
0.534985
0.535043
0.534976
0.534910
0.534968
0.535025
0.535083
0.535017
0.534950
0.534884
0.534942
0.534999
0.534933
0.534991
0.534924
0.534858
0.534791
0.534849
0.534783
0.534840
0.534774
0.534832
0.534765
0.534699
0.534757
0.534690
0.534748
0.534806
0.534739
0.534673
0.534731
0.534665
0.534722
0.534780
0.534838
0.534895
0.534953
0.535011
0.535068
0.535126
0.535183
0.535117
0.535175
0.535232
0.535166
0.535100
0.535033
0.535091
0.535149
0.535206
0.535140
0.535197
0.535131
0.535065
0.535122
0.535056
0.535114
0.535048
0.534981
0.535039
0.535096
0.535154
0.535211
0.535269
0.535326
0.535383
0.535317
0.535375
0.535309
0.535366
0.535300
0.535234
0.535291
0.535349
0.535282
0.535340
0.535397
0.535331
0.535265
0.535322
0.535256
0.535314
0.535248
0.535182
0.535239
0.535173
0.535230
0.535164
0.535098
0.535033
0.535090
0.535024
0.534958
0.534892
0.534950
0.535007
0.534941
0.534998
0.534932
0.534990
0.534924
0.534981
0.535038
0.534972
0.535029
0.535087
0.535021
0.535078
0.535012
0.535069
0.535127
0.535184
0.535118
0.535175
0.535109
0.535166
0.535101
0.535158
0.535092
0.535149
0.535206
0.535140
0.535075
0.535132
0.535066
0.535123
0.535180
0.535237
0.535172
0.535229
0.535163
0.535220
0.535154
0.535211
0.535268
0.535203
0.535260
0.535316
0.535373
0.535308
0.535365
0.535299
0.535234
0.535168
0.535225
0.535160
0.535094
0.535151
0.535208
0.535142
0.535199
0.535134
0.535191
0.535125
0.535060
0.534994
0.534929
0.534864
0.534799
0.534733
0.534790
0.534725
0.534782
0.534716
0.534651
0.534708
0.534765
0.534821
0.534756
0.534813
0.534748
0.534682
0.534739
0.534796
0.534853
0.534909
0.534966
0.534901
0.534957
0.535014
0.534949
0.535005
0.535062
0.535119
0.535054
0.535110
0.535167
0.535102
0.535037
0.534971
0.534906
0.534963
0.535019
0.534954
0.534889
0.534824
0.534759
0.534816
0.534872
0.534807
0.534864
0.534920
0.534855
0.534791
0.534726
0.534782
0.534839
0.534895
0.534830
0.534887
0.534822
0.534757
0.534813
0.534748
0.534805
0.534861
0.534796
0.534853
0.534909
0.534965
0.535022
0.534957
0.534892
0.534949
0.534884
0.534819
0.534754
0.534689
0.534625
0.534681
0.534737
0.534794
0.534729
0.534664
0.534600
0.534656
0.534712
0.534647
0.534704
0.534639
0.534695
0.534752
0.534687
0.534743
0.534799
0.534856
0.534912
0.534968
0.535024
0.534960
0.534895
0.534830
0.534766
0.534822
0.534757
0.534814
0.534749
0.534685
0.534620
0.534676
0.534732
0.534788
0.534724
0.534780
0.534716
0.534772
0.534828
0.534884
0.534819
0.534875
0.534811
0.534867
0.534923
0.534979
0.534914
0.534971
0.535026
0.535082
0.535018
0.534954
0.535010
0.535066
0.535122
0.535057
0.534993
0.535049
0.535105
0.535040
0.534976
0.534912
0.534968
0.535023
0.535079
0.535015
0.535071
0.535127
0.535183
0.535238
0.535294
0.535350
0.535286
0.535341
0.535277
0.535333
0.535389
0.535444
0.535380
0.535436
0.535372
0.535427
0.535483
0.535539
0.535594
0.535530
0.535586
0.535642
0.535697
0.535753
0.535689
0.535744
0.535680
0.535736
0.535791
0.535847
0.535783
0.535838
0.535894
0.535949
0.536005
0.536060
0.536116
0.536052
0.535988
0.535923
0.535979
0.535915
0.535970
0.535906
0.535962
0.536017
0.535953
0.535889
0.535825
0.535761
0.535817
0.535753
0.535808
0.535744
0.535680
0.535736
0.535791
0.535727
0.535782
0.535838
0.535774
0.535829
0.535885
0.535821
0.535876
0.535931
0.535987
0.535923
0.535859
0.535795
0.535850
0.535787
0.535723
0.535778
0.535833
0.535770
0.535706
0.535761
0.535697
0.535634
0.535689
0.535625
0.535680
0.535736
0.535791
0.535727
0.535782
0.535837
0.535774
0.535710
0.535765
0.535702
0.535638
0.535693
0.535629
0.535685
0.535621
0.535557
0.535613
0.535668
0.535723
0.535778
0.535833
0.535888
0.535824
0.535761
0.535697
0.535634
0.535570
0.535507
0.535562
0.535498
0.535435
0.535371
0.535427
0.535482
0.535537
0.535592
0.535528
0.535583
0.535520
0.535456
0.535511
0.535448
0.535503
0.535558
0.535613
0.535550
0.535604
0.535659
0.535714
0.535651
0.535588
0.535643
0.535579
0.535516
0.535453
0.535389
0.535326
0.535381
0.535318
0.535255
0.535191
0.535246
0.535183
0.535120
0.535175
0.535230
0.535284
0.535339
0.535394
0.535449
0.535504
0.535441
0.535377
0.535432
0.535487
0.535542
0.535479
0.535415
0.535470
0.535407
0.535344
0.535399
0.535336
0.535273
0.535210
0.535264
0.535319
0.535256
0.535311
0.535365
0.535302
0.535239
0.535176
0.535231
0.535286
0.535340
0.535278
0.535332
0.535387
0.535441
0.535496
0.535551
0.535605
0.535660
0.535714
0.535651
0.535588
0.535643
0.535580
0.535635
0.535689
0.535626
0.535681
0.535618
0.535672
0.535610
0.535664
0.535719
0.535773
0.535827
0.535765
0.535819
0.535873
0.535928
0.535982
0.535919
0.535857
0.535911
0.535848
0.535785
0.535723
0.535777
0.535831
0.535769
0.535823
0.535877
0.535932
0.535986
0.535923
0.535978
0.536032
0.536086
0.536140
0.536195
0.536132
0.536186
0.536123
0.536061
0.535998
0.535936
0.535990
0.536044
0.536098
0.536152
0.536206
0.536261
0.536198
0.536135
0.536073
0.536127
0.536181
0.536119
0.536056
0.536110
0.536048
0.536102
0.536156
0.536210
0.536264
0.536201
0.536139
0.536076
0.536131
0.536068
0.536122
0.536060
0.535997
0.535935
0.535989
0.536043
0.536097
0.536151
0.536088
0.536142
0.536196
0.536134
0.536072
0.536126
0.536063
0.536117
0.536171
0.536109
0.536047
0.535984
0.536038
0.536092
0.536146
0.536200
0.536138
0.536075
0.536129
0.536183
0.536237
0.536175
0.536229
0.536166
0.536220
0.536158
0.536212
0.536149
0.536203
0.536257
0.536311
0.536249
0.536303
0.536356
0.536410
0.536348
0.536286
0.536339
0.536277
0.536331
0.536269
0.536207
0.536260
0.536198
0.536136
0.536190
0.536244
0.536297
0.536351
0.536289
0.536343
0.536396
0.536334
0.536272
0.536326
0.536379
0.536433
0.536371
0.536425
0.536363
0.536416
0.536354
0.536292
0.536230
0.536284
0.536222
0.536275
0.536329
0.536267
0.536205
0.536259
0.536197
0.536250
0.536304
0.536357
0.536295
0.536234
0.536172
0.536225
0.536279
0.536332
0.536386
0.536324
0.536377
0.536431
0.536484
0.536538
0.536591
0.536529
0.536583
0.536521
0.536459
0.536512
0.536566
0.536619
0.536557
0.536611
0.536549
0.536487
0.536425
0.536479
0.536532
0.536470
0.536524
0.536462
0.536515
0.536569
0.536622
0.536675
0.536613
0.536552
0.536490
0.536543
0.536597
0.536535
0.536473
0.536412
0.536465
0.536518
0.536457
0.536510
0.536563
0.536501
0.536440
0.536493
0.536546
0.536599
0.536538
0.536591
0.536644
0.536583
0.536521
0.536574
0.536513
0.536451
0.536504
0.536443
0.536496
0.536434
0.536373
0.536426
0.536479
0.536418
0.536471
0.536409
0.536462
0.536516
0.536569
0.536507
0.536560
0.536613
0.536666
0.536719
0.536772
0.536825
0.536764
0.536817
0.536870
0.536808
0.536861
0.536800
0.536853
0.536906
0.536959
0.537012
0.537065
0.537117
0.537056
0.536995
0.536933
0.536872
0.536925
0.536864
0.536802
0.536741
0.536794
0.536847
0.536786
0.536839
0.536891
0.536830
0.536769
0.536822
0.536761
0.536699
0.536638
0.536577
0.536516
0.536569
0.536508
0.536446
0.536499
0.536438
0.536377
0.536430
0.536369
0.536308
0.536361
0.536300
0.536352
0.536291
0.536344
0.536397
0.536336
0.536388
0.536441
0.536380
0.536319
0.536258
0.536197
0.536250
0.536303
0.536355
0.536408
0.536347
0.536286
0.536225
0.536278
0.536331
0.536270
0.536209
0.536261
0.536314
0.536253
0.536192
0.536245
0.536298
0.536237
0.536176
0.536115
0.536168
0.536107
0.536046
0.536099
0.536151
0.536091
0.536030
0.536082
0.536135
0.536188
0.536240
0.536179
0.536119
0.536171
0.536110
0.536163
0.536102
0.536155
0.536207
0.536147
0.536199
0.536252
0.536304
0.536243
0.536183
0.536235
0.536175
0.536227
0.536166
0.536219
0.536158
0.536098
0.536150
0.536202
0.536142
0.536081
0.536134
0.536073
0.536013
0.535952
0.535892
0.535944
0.535996
0.536049
0.535988
0.536041
0.536093
0.536145
0.536085
0.536137
0.536077
0.536016
0.536069
0.536008
0.535948
0.535887
0.535827
0.535767
0.535706
0.535759
0.535698
0.535751
0.535690
0.535742
0.535795
0.535734
0.535674
0.535726
0.535779
0.535831
0.535883
0.535935
0.535875
0.535815
0.535754
0.535694
0.535746
0.535686
0.535626
0.535678
0.535618
0.535670
0.535610
0.535662
0.535602
0.535542
0.535594
0.535646
0.535586
0.535638
0.535690
0.535630
0.535682
0.535734
0.535674
0.535726
0.535778
0.535830
0.535770
0.535710
0.535762
0.535814
0.535754
0.535806
0.535746
0.535798
0.535850
0.535902
0.535954
0.536006
0.536058
0.536110
0.536162
0.536102
0.536042
0.536094
0.536146
0.536198
0.536250
0.536190
0.536242
0.536294
0.536233
0.536174
0.536114
0.536165
0.536217
0.536269
0.536209
0.536149
0.536201
0.536141
0.536081
0.536021
0.536073
0.536125
0.536177
0.536229
0.536169
0.536221
0.536161
0.536213
0.536264
0.536316
0.536368
0.536419
0.536360
0.536411
0.536463
0.536515
0.536455
0.536395
0.536335
0.536387
0.536439
0.536379
0.536430
0.536482
0.536534
0.536474
0.536526
0.536466
0.536518
0.536569
0.536509
0.536450
0.536501
0.536553
0.536493
0.536433
0.536485
0.536537
0.536477
0.536417
0.536358
0.536298
0.536349
0.536290
0.536341
0.536393
0.536444
0.536385
0.536436
0.536377
0.536317
0.536258
0.536198
0.536250
0.536301
0.536353
0.536404
0.536455
0.536507
0.536447
0.536499
0.536550
0.536491
0.536431
0.536483
0.536423
0.536475
0.536526
0.536577
0.536518
0.536569
0.536510
0.536450
0.536502
0.536442
0.536494
0.536545
0.536485
0.536426
0.536367
0.536418
0.536469
0.536521
0.536461
0.536402
0.536343
0.536283
0.536224
0.536275
0.536216
0.536157
0.536097
0.536038
0.535979
0.535920
0.535971
0.535912
0.535963
0.535904
0.535844
0.535785
0.535837
0.535777
0.535829
0.535769
0.535710
0.535762
0.535702
0.535754
0.535805
0.535746
0.535797
0.535738
0.535679
0.535730
0.535671
0.535722
0.535773
0.535825
0.535876
0.535817
0.535868
0.535809
0.535860
0.535911
0.535852
0.535903
0.535954
0.536005
0.535946
0.535997
0.535938
0.535989
0.536040
0.536092
0.536033
0.535974
0.535915
0.535856
0.535907
0.535848
0.535899
0.535840
0.535891
0.535832
0.535773
0.535824
0.535875
0.535926
0.535867
0.535808
0.535750
0.535691
0.535742
0.535683
0.535734
0.535675
0.535616
0.535558
0.535499
0.535550
0.535601
0.535652
0.535703
0.535644
0.535695
0.535636
0.535687
0.535628
0.535569
0.535620
0.535562
0.535613
0.535554
0.535605
0.535656
0.535706
0.535648
0.535589
0.535531
0.535581
0.535523
0.535574
0.535624
0.535675
0.535726
0.535667
0.535609
0.535550
0.535601
0.535542
0.535484
0.535425
0.535367
0.535308
0.535250
0.535301
0.535351
0.535293
0.535234
0.535176
0.535117
0.535059
0.535110
0.535051
0.535102
0.535044
0.534985
0.535036
0.535087
0.535028
0.535079
0.535130
0.535181
0.535231
0.535282
0.535333
0.535274
0.535325
0.535376
0.535426
0.535368
0.535419
0.535360
0.535411
0.535352
0.535403
0.535345
0.535286
0.535337
0.535279
0.535220
0.535162
0.535104
0.535046
0.534988
0.535038
0.534980
0.534922
0.534863
0.534914
0.534965
0.535015
0.535066
0.535008
0.535058
0.535000
0.535051
0.535101
0.535152
0.535202
0.535253
0.535194
0.535245
0.535295
0.535237
0.535288
0.535230
0.535172
0.535113
0.535055
0.535106
0.535048
0.535098
0.535040
0.535091
0.535141
0.535191
0.535242
0.535292
0.535343
0.535393
0.535335
0.535277
0.535219
0.535161
0.535211
0.535153
0.535095
0.535037
0.534979
0.535030
0.534972
0.534914
0.534856
0.534906
0.534849
0.534791
0.534841
0.534783
0.534833
0.534776
0.534826
0.534876
0.534818
0.534761
0.534811
0.534861
0.534911
0.534962
0.535012
0.535062
0.535112
0.535163
0.535213
0.535263
0.535205
0.535255
0.535198
0.535140
0.535082
0.535132
0.535182
0.535233
0.535283
0.535333
0.535383
0.535433
0.535483
0.535425
0.535476
0.535418
0.535468
0.535518
0.535568
0.535618
0.535668
0.535610
0.535553
0.535603
0.535653
0.535703
0.535753
0.535803
0.535853
0.535795
0.535737
0.535680
0.535622
0.535564
0.535614
0.535664
0.535714
0.535764
0.535814
0.535757
0.535699
0.535641
0.535584
0.535634
0.535576
0.535519
0.535461
0.535511
0.535453
0.535396
0.535446
0.535388
0.535438
0.535488
0.535431
0.535373
0.535423
0.535365
0.535308
0.535251
0.535300
0.535243
0.535186
0.535128
0.535178
0.535121
0.535063
0.535113
0.535163
0.535213
0.535155
0.535098
0.535148
0.535091
0.535033
0.535083
0.535026
0.534968
0.534911
0.534854
0.534797
0.534846
0.534789
0.534732
0.534782
0.534724
0.534774
0.534717
0.534660
0.534710
0.534759
0.534809
0.534752
0.534802
0.534745
0.534687
0.534630
0.534680
0.534623
0.534672
0.534615
0.534665
0.534715
0.534765
0.534707
0.534757
0.534807
0.534856
0.534906
0.534956
0.535005
0.535055
0.534998
0.534941
0.534990
0.535040
0.535090
0.535033
0.535082
0.535025
0.534968
0.535018
0.534961
0.535010
0.534953
0.534896
0.534839
0.534782
0.534725
0.534775
0.534718
0.534767
0.534710
0.534653
0.534597
0.534646
0.534696
0.534745
0.534795
0.534738
0.534787
0.534730
0.534673
0.534617
0.534666
0.534609
0.534659
0.534708
0.534651
0.534595
0.534644
0.534693
0.534637
0.534686
0.534629
0.534679
0.534728
0.534778
0.534721
0.534664
0.534607
0.534657
0.534706
0.534755
0.534699
0.534748
0.534691
0.534741
0.534684
0.534627
0.534571
0.534514
0.534457
0.534401
0.534450
0.534499
0.534549
0.534598
0.534541
0.534591
0.534640
0.534583
0.534633
0.534682
0.534625
0.534569
0.534512
0.534455
0.534399
0.534342
0.534392
0.534335
0.534278
0.534222
0.534271
0.534320
0.534264
0.534313
0.534257
0.534306
0.534355
0.534299
0.534242
0.534291
0.534235
0.534179
0.534228
0.534277
0.534221
0.534270
0.534213
0.534157
0.534101
0.534044
0.534093
0.534037
0.533981
0.534030
0.534079
0.534128
0.534072
0.534121
0.534170
0.534219
0.534163
0.534212
0.534156
0.534205
0.534254
0.534303
0.534352
0.534296
0.534239
0.534288
0.534337
0.534281
0.534225
0.534274
0.534218
0.534267
0.534316
0.534365
0.534309
0.534252
0.534301
0.534350
0.534294
0.534343
0.534287
0.534231
0.534280
0.534329
0.534378
0.534321
0.534370
0.534314
0.534363
0.534412
0.534461
0.534405
0.534454
0.534503
0.534447
0.534390
0.534439
0.534383
0.534432
0.534481
0.534425
0.534369
0.534418
0.534467
0.534410
0.534354
0.534298
0.534242
0.534186
0.534130
0.534074
0.534018
0.534067
0.534116
0.534060
0.534109
0.534158
0.534102
0.534150
0.534094
0.534143
0.534192
0.534241
0.534185
0.534129
0.534178
0.534226
0.534171
0.534115
0.534163
0.534212
0.534156
0.534100
0.534149
0.534093
0.534037
0.534086
0.534135
0.534079
0.534128
0.534072
0.534016
0.533960
0.534009
0.533953
0.534002
0.534051
0.533995
0.533939
0.533883
0.533828
0.533772
0.533716
0.533765
0.533813
0.533862
0.533911
0.533855
0.533904
0.533952
0.533897
0.533841
0.533889
0.533938
0.533882
0.533931
0.533980
0.534028
0.534077
0.534021
0.533965
0.533910
0.533854
0.533903
0.533847
0.533896
0.533840
0.533889
0.533833
0.533882
0.533930
0.533979
0.533923
0.533971
0.534020
0.534068
0.534013
0.533957
0.533902
0.533950
0.533999
0.533943
0.533992
0.534040
0.534089
0.534137
0.534081
0.534130
0.534178
0.534227
0.534275
0.534323
0.534372
0.534420
0.534365
0.534413
0.534357
0.534302
0.534350
0.534399
0.534343
0.534392
0.534440
0.534488
0.534433
0.534481
0.534529
0.534577
0.534522
0.534570
0.534619
0.534667
0.534611
0.534660
0.534708
0.534756
0.534804
0.534852
0.534901
0.534949
0.534997
0.535045
0.534990
0.534934
0.534982
0.535031
0.535079
0.535127
0.535071
0.535016
0.535064
0.535112
0.535160
0.535105
0.535153
0.535098
0.535146
0.535090
0.535138
0.535083
0.535131
0.535076
0.535021
0.534965
0.534910
0.534958
0.534903
0.534848
0.534896
0.534944
0.534889
0.534833
0.534778
0.534723
0.534771
0.534819
0.534867
0.534915
0.534963
0.535011
0.535059
0.535004
0.534948
0.534893
0.534941
0.534886
0.534934
0.534982
0.535030
0.535078
0.535023
0.534968
0.534912
0.534960
0.535008
0.535056
0.535104
0.535049
0.534994
0.535042
0.535090
0.535034
0.534979
0.534924
0.534972
0.534917
0.534862
0.534807
0.534855
0.534903
0.534848
0.534793
0.534738
0.534786
0.534834
0.534881
0.534826
0.534771
0.534819
0.534867
0.534812
0.534860
0.534908
0.534955
0.535003
0.534948
0.534893
0.534941
0.534886
0.534934
0.534879
0.534824
0.534872
0.534817
0.534762
0.534707
0.534755
0.534700
0.534645
0.534693
0.534741
0.534788
0.534734
0.534781
0.534829
0.534774
0.534822
0.534869
0.534917
0.534862
0.534910
0.534958
0.535005
0.535053
0.535100
0.535046
0.535093
0.535038
0.534984
0.535031
0.535079
0.535126
0.535174
0.535221
0.535167
0.535214
0.535262
0.535309
0.535357
0.535302
0.535247
0.535295
0.535342
0.535390
0.535335
0.535382
0.535430
0.535477
0.535525
0.535470
0.535415
0.535463
0.535510
0.535558
0.535503
0.535448
0.535496
0.535441
0.535488
0.535536
0.535481
0.535529
0.535576
0.535623
0.535569
0.535514
0.535460
0.535507
0.535554
0.535601
0.535547
0.535594
0.535642
0.535587
0.535634
0.535682
0.535729
0.535674
0.535722
0.535769
0.535816
0.535863
0.535809
0.535856
0.535903
0.535950
0.535998
0.535943
0.535889
0.535936
0.535881
0.535928
0.535874
0.535820
0.535867
0.535812
0.535758
0.535703
0.535649
0.535696
0.535642
0.535689
0.535635
0.535580
0.535627
0.535674
0.535620
0.535667
0.535613
0.535660
0.535606
0.535551
0.535598
0.535544
0.535591
0.535638
0.535584
0.535631
0.535577
0.535624
0.535569
0.535617
0.535562
0.535609
0.535656
0.535703
0.535649
0.535696
0.535642
0.535689
0.535736
0.535783
0.535830
0.535776
0.535722
0.535769
0.535815
0.535761
0.535808
0.535855
0.535801
0.535747
0.535794
0.535740
0.535787
0.535732
0.535779
0.535826
0.535772
0.535718
0.535765
0.535812
0.535758
0.535804
0.535851
0.535898
0.535945
0.535992
0.536039
0.536086
0.536031
0.536078
0.536125
0.536172
0.536118
0.536165
0.536211
0.536157
0.536103
0.536150
0.536096
0.536143
0.536189
0.536236
0.536283
0.536330
0.536376
0.536423
0.536369
0.536416
0.536463
0.536408
0.536455
0.536401
0.536347
0.536293
0.536340
0.536386
0.536333
0.536379
0.536426
0.536372
0.536318
0.536264
0.536311
0.536357
0.536303
0.536350
0.536397
0.536343
0.536289
0.536335
0.536382
0.536328
0.536274
0.536220
0.536166
0.536112
0.536059
0.536105
0.536051
0.536098
0.536145
0.536091
0.536037
0.536084
0.536030
0.536076
0.536022
0.536069
0.536015
0.536062
0.536108
0.536055
0.536001
0.535947
0.535893
0.535940
0.535986
0.536033
0.535979
0.535925
0.535972
0.535918
0.535865
0.535811
0.535857
0.535804
0.535750
0.535797
0.535743
0.535789
0.535836
0.535882
0.535929
0.535975
0.535922
0.535868
0.535814
0.535861
0.535907
0.535854
0.535900
